100
72 
52 7 
79 39 13 
96 76 83 60 
77 48 69 16 36 
34 65 10 50 99 59 
7 92 94 42 19 49 94 
37 24 82 12 52 22 18 17 
30 73 71 25 38 56 44 35 49 
99 61 51 86 3 40 49 90 29 56 
38 8 100 82 47 44 3 77 63 72 81 
89 1 93 20 21 84 19 92 87 66 82 45 
52 89 99 65 39 28 42 12 96 46 56 98 11 
34 30 6 87 95 86 1 26 39 50 52 99 13 83 
77 74 14 32 76 44 57 79 24 68 35 83 66 23 63 
45 94 22 24 14 92 8 40 20 95 77 49 1 80 2 66 
71 75 3 38 21 24 41 67 42 41 60 50 77 41 16 50 74 
89 70 62 16 40 63 27 64 70 26 35 78 87 22 45 8 10 4 
17 2 82 32 2 48 6 39 77 87 45 48 6 30 45 1 84 82 5 
1 14 75 46 85 1 84 51 12 13 17 41 45 36 58 84 43 3 3 15 
85 59 95 46 5 26 96 61 98 68 20 94 23 38 85 87 33 36 46 30 74 
98 57 84 95 59 57 3 69 63 33 48 60 94 90 97 59 71 9 38 32 48 91 
35 46 26 100 21 21 19 65 29 31 5 58 25 9 63 8 69 74 86 97 62 72 70 
57 28 62 28 15 93 42 62 81 24 21 90 78 74 45 85 71 80 85 72 9 15 33 25 
33 52 30 58 5 20 55 99 90 32 77 9 98 30 9 65 47 96 49 21 71 20 24 75 18 
28 39 65 76 31 15 11 36 61 51 49 92 29 13 87 13 50 3 99 17 42 75 26 16 82 65 
35 15 85 21 72 84 3 66 7 71 29 1 56 70 90 71 76 46 22 81 1 29 47 9 74 34 5 
8 22 100 30 89 4 5 44 66 84 99 83 76 37 12 6 95 93 92 6 8 78 68 58 75 88 24 97 
63 9 84 30 40 11 50 92 89 71 28 86 11 30 98 61 75 83 50 29 29 33 43 48 68 43 92 1 78 
2 2 85 28 50 92 71 12 40 64 79 6 17 23 55 50 46 10 52 86 84 51 15 12 25 74 13 40 89 56 
54 30 61 7 82 1 79 40 83 87 19 67 61 25 96 36 90 39 53 83 37 23 8 99 32 44 61 27 6 17 75 
93 99 62 89 76 27 7 26 74 17 5 42 58 87 21 50 36 11 52 13 100 94 30 59 36 78 62 49 70 69 51 75 
86 8 40 72 7 27 67 97 89 51 6 7 12 13 85 52 72 10 74 28 76 5 89 46 13 36 21 17 93 76 12 89 19 
60 30 69 97 52 92 83 18 84 83 84 32 68 69 88 38 24 53 44 40 60 56 99 82 56 63 48 54 12 12 58 74 65 44 
61 96 32 35 75 89 7 82 31 78 25 54 27 2 83 59 75 71 2 16 18 77 2 78 70 55 82 37 57 61 89 55 41 13 51 
26 69 97 75 17 31 19 45 7 28 83 4 57 74 87 35 58 23 85 94 9 78 36 71 88 60 16 54 51 30 20 41 90 23 62 16 
3 28 5 31 83 11 19 61 5 20 83 87 99 86 92 52 34 92 57 91 37 55 66 8 63 13 60 9 86 38 60 64 47 46 5 10 48 
100 57 14 1 16 70 50 82 9 7 16 3 26 8 62 65 24 45 16 43 97 31 13 93 11 99 32 50 16 2 1 1 29 27 87 77 86 23 
12 96 19 49 57 60 91 46 40 88 25 4 50 73 100 91 54 73 59 69 37 14 47 48 79 80 32 65 62 58 60 46 3 28 8 2 94 16 66 
2 95 72 96 8 3 7 73 81 44 71 77 28 84 13 65 5 70 66 40 47 84 15 43 64 19 60 1 4 65 1 31 33 2 68 81 13 52 88 77 
59 32 26 47 81 54 83 7 65 88 45 91 92 80 48 85 8 24 60 42 26 13 26 44 50 12 60 8 43 12 35 90 99 93 30 52 59 36 42 48 32 
66 91 37 96 76 40 79 79 57 46 100 74 31 51 37 95 65 53 49 55 10 7 86 26 66 26 30 56 64 17 51 8 98 12 72 75 73 76 51 38 14 64 
3 61 97 17 7 10 66 49 1 7 63 60 5 72 81 50 20 78 51 44 67 37 91 13 90 98 67 61 34 48 9 28 14 100 48 35 81 92 33 31 93 70 41 
78 98 14 83 1 83 97 15 67 12 11 72 20 15 72 6 39 63 59 87 51 66 82 8 16 30 58 92 60 39 6 36 64 65 30 2 78 49 83 52 65 56 62 94 
4 19 68 14 89 35 20 2 69 10 64 100 92 52 93 94 82 57 90 84 21 59 7 17 35 22 85 65 97 26 11 98 50 91 10 76 14 86 92 80 44 8 69 74 29 
88 64 93 97 43 59 21 86 49 47 98 34 18 87 87 36 80 21 36 22 33 9 35 50 93 13 79 4 41 45 99 32 96 65 19 40 69 78 7 80 83 36 11 39 43 96 
27 83 91 91 51 70 38 69 5 96 84 89 78 50 69 63 13 23 64 51 83 90 89 55 30 18 35 50 3 54 12 92 13 32 15 87 48 82 67 23 37 56 90 80 61 35 68 
82 90 47 39 43 83 61 31 64 78 66 39 45 88 20 87 32 78 31 97 62 25 10 45 91 2 36 96 22 49 47 65 23 43 62 34 63 35 84 2 93 86 76 64 70 19 84 48 
55 3 1 42 69 81 72 98 45 76 4 71 4 18 14 82 8 13 18 53 46 64 3 89 52 15 31 11 66 91 86 20 37 36 27 41 37 39 11 22 78 22 39 7 20 79 5 44 51 
61 27 68 87 6 97 18 12 90 77 74 43 79 62 8 29 6 72 89 27 14 50 19 21 23 48 28 73 5 26 86 85 83 87 57 23 45 61 73 82 47 5 74 53 57 91 45 95 33 26 
92 23 49 9 100 25 52 87 42 51 12 60 34 26 20 4 29 83 63 81 17 15 1 66 36 6 14 7 7 23 88 87 20 27 56 69 57 57 15 50 25 6 21 91 53 17 8 17 12 58 60 
62 88 1 90 14 36 32 5 4 100 66 62 28 57 58 94 23 2 95 80 38 93 23 65 96 69 55 38 62 64 78 88 95 44 54 56 64 41 37 12 82 23 44 44 53 91 41 66 83 37 80 67 
42 47 84 63 34 93 65 23 92 81 28 7 14 32 93 51 73 46 35 57 83 43 14 51 21 65 42 19 19 87 85 97 37 93 99 83 88 31 7 92 60 24 79 26 21 100 59 11 2 40 66 46 87 
79 84 27 12 45 81 51 74 56 52 56 3 47 77 48 7 4 93 80 20 48 43 98 71 99 20 76 7 39 98 83 22 33 26 67 7 73 99 33 22 7 27 26 66 16 77 42 96 25 22 58 26 62 57 
76 43 23 48 7 39 4 64 8 3 31 6 5 20 1 67 40 43 43 100 56 47 78 93 94 1 61 34 62 18 58 81 91 77 4 39 25 53 3 79 17 85 19 87 20 91 61 33 25 45 41 5 9 79 50 
16 61 92 44 98 69 89 3 71 59 82 89 55 53 88 50 85 85 66 91 73 57 50 36 76 33 39 1 46 93 72 40 70 18 4 55 11 58 4 73 44 96 45 20 49 30 27 86 42 27 47 39 81 10 88 24 
90 33 71 51 64 49 91 67 67 64 45 80 66 35 75 48 64 90 14 28 80 41 73 72 81 80 29 25 69 9 81 2 35 74 15 40 71 37 62 81 17 83 84 67 54 25 77 60 20 10 64 45 24 57 100 51 57 
64 71 65 77 73 20 89 49 98 23 10 40 46 31 51 35 70 12 23 81 83 82 84 76 27 41 10 39 61 100 90 5 34 84 50 49 56 76 58 61 74 24 27 58 26 15 32 46 40 75 47 36 64 39 72 24 42 16 
17 21 80 21 92 2 25 87 80 57 64 66 50 57 28 38 6 71 100 65 93 60 93 88 80 82 1 3 1 57 73 18 36 13 55 89 35 99 42 21 53 50 73 23 60 68 59 69 68 86 24 35 48 51 69 88 53 46 55 
26 9 61 19 17 7 94 48 63 41 19 33 28 67 61 60 4 53 11 43 82 14 10 94 4 61 30 14 33 62 36 50 54 6 97 17 99 98 69 15 77 63 61 13 29 30 56 76 27 80 81 36 89 33 25 47 86 1 29 58 
74 34 5 35 38 30 30 19 83 7 89 40 17 17 86 22 61 20 25 77 84 40 67 54 64 29 75 75 2 16 68 71 47 93 2 65 91 89 76 1 28 60 13 78 35 9 91 29 34 88 86 69 67 57 83 89 74 27 52 84 20 
48 51 33 66 83 60 12 16 4 38 26 63 96 16 56 56 10 9 95 75 18 62 95 5 29 73 4 9 3 16 61 29 73 85 88 64 10 55 22 30 20 27 75 55 34 2 62 43 84 32 52 76 94 76 78 11 25 88 38 22 19 16 
30 65 48 75 38 25 51 25 97 60 65 33 86 40 81 42 89 3 1 11 51 31 64 40 10 14 34 39 60 22 17 75 99 13 99 95 42 16 76 79 78 49 45 78 7 32 76 48 76 94 58 58 75 74 41 1 84 32 53 52 49 17 63 
55 18 39 32 10 36 6 48 18 33 22 2 92 95 42 50 26 49 41 2 44 79 66 30 9 39 71 34 21 84 53 16 11 6 9 11 51 21 12 95 43 25 78 19 40 8 26 67 61 32 32 57 13 93 49 4 91 26 81 30 6 65 62 84 
46 33 28 88 1 63 62 40 10 33 72 40 66 19 93 92 98 84 15 53 13 57 71 16 69 61 11 23 64 96 7 70 30 23 52 17 83 41 29 18 34 83 71 94 95 42 17 28 11 81 99 48 6 15 89 7 69 96 71 13 50 23 89 73 53 
70 44 30 43 18 10 12 54 19 38 9 83 42 29 6 87 43 93 38 3 94 98 47 77 25 66 17 42 24 72 69 66 86 42 55 31 48 75 1 45 99 41 53 100 15 89 42 17 20 83 40 83 24 82 16 34 86 27 45 26 93 24 87 14 3 16 
5 67 32 55 42 2 75 90 66 72 97 35 21 36 73 91 82 67 4 24 36 91 6 9 39 12 56 44 99 53 87 2 65 47 40 35 23 59 12 21 93 66 61 7 3 89 61 74 67 17 55 59 88 95 98 16 69 39 29 45 48 10 35 26 56 6 81 
71 23 97 90 56 83 100 16 91 29 96 36 11 97 16 65 48 44 52 70 64 99 97 21 26 37 79 40 25 20 55 60 35 79 56 86 30 59 45 23 97 70 10 61 88 12 27 15 53 53 26 81 9 15 88 66 6 13 23 8 38 3 15 69 88 38 70 43 
38 29 38 46 33 42 52 77 97 64 92 10 88 39 100 26 85 97 41 77 93 78 16 43 85 36 57 80 99 88 92 41 14 92 12 40 17 43 56 9 5 49 32 66 66 28 96 90 31 23 99 91 21 95 54 91 11 55 42 53 15 92 1 32 22 98 68 84 36 
16 77 100 36 23 29 97 46 29 95 39 36 96 15 66 77 20 21 49 19 60 15 48 18 98 23 49 96 12 91 59 96 87 54 81 48 7 87 87 44 80 32 8 79 74 54 42 22 48 26 21 16 49 57 19 76 17 17 16 60 16 74 19 6 67 9 68 98 7 87 
30 74 35 95 97 95 6 86 63 1 2 65 69 53 21 66 49 75 39 13 63 25 15 30 100 64 33 51 13 22 65 95 81 46 34 39 86 2 62 58 46 63 76 36 51 94 21 45 54 13 29 80 69 32 84 86 11 93 93 57 89 100 95 66 5 6 52 39 5 33 58 
66 100 29 3 29 87 7 73 54 5 76 31 95 58 59 49 37 10 92 25 13 62 24 75 34 40 19 43 29 82 88 11 24 36 46 70 36 88 81 83 35 34 60 39 39 41 29 58 97 91 92 20 44 79 2 68 37 38 91 49 4 68 84 62 24 73 12 71 14 54 25 32 
68 51 69 61 21 27 57 82 40 14 65 96 67 100 30 31 41 15 99 91 9 71 38 73 62 38 5 85 89 54 77 88 11 7 77 58 48 60 86 46 13 66 59 2 48 70 42 48 4 8 69 75 80 67 48 26 43 58 39 45 64 79 71 36 65 66 20 88 48 61 62 63 74 
30 51 25 37 40 18 8 36 5 50 80 15 35 63 65 82 96 80 93 3 34 94 51 80 94 88 64 94 54 47 81 41 97 88 54 3 81 6 6 71 43 53 29 99 39 54 20 52 23 55 33 23 60 36 63 78 33 35 21 8 26 43 79 81 61 48 54 82 21 9 54 50 9 81 
97 31 76 91 84 98 15 55 28 80 48 92 77 15 81 13 27 11 54 52 21 72 56 44 6 97 48 34 9 47 10 81 92 32 89 37 47 38 70 67 44 55 89 75 5 69 61 41 18 63 56 56 4 3 77 98 50 32 32 49 77 70 18 31 47 65 87 18 93 55 64 51 79 54 3 
87 13 7 22 31 67 47 33 16 14 19 58 55 64 8 77 35 77 46 19 90 26 35 87 24 22 26 70 75 3 58 39 96 73 40 13 56 85 46 61 31 28 79 13 63 47 3 24 39 26 82 50 6 27 63 88 88 58 21 59 64 19 55 96 15 37 75 41 95 19 85 85 11 41 67 33 
18 58 59 31 80 83 30 80 3 76 83 21 32 68 90 55 15 62 54 58 69 25 86 73 6 70 61 23 77 96 38 38 35 61 55 61 36 50 31 90 66 7 14 70 59 48 81 49 36 22 74 46 82 89 53 26 92 29 36 2 1 3 9 47 13 35 100 70 21 37 59 63 96 73 78 4 99 
5 100 28 56 47 86 97 76 41 42 80 83 47 69 42 21 75 74 92 11 55 100 53 17 22 16 84 12 77 97 32 95 63 2 9 32 36 41 92 1 70 100 31 89 11 12 46 61 91 97 1 32 74 24 69 78 35 2 57 37 73 86 50 53 7 83 42 64 69 89 23 97 16 21 87 48 18 61 
76 20 50 61 23 25 82 81 17 61 63 68 100 44 57 22 3 70 51 42 86 79 78 77 89 47 36 76 12 58 68 62 84 69 4 78 14 59 55 34 20 67 52 89 27 23 93 17 76 19 28 76 3 4 55 20 34 86 7 92 63 7 100 46 6 90 99 19 71 46 51 17 96 41 20 29 52 58 70 
16 51 17 41 70 1 59 71 8 99 43 44 54 47 26 58 62 88 95 26 71 91 16 54 71 19 64 85 89 56 71 50 20 64 25 52 75 29 40 6 88 25 51 42 25 77 6 13 86 34 2 95 25 71 63 45 94 1 28 82 84 52 30 93 51 37 12 37 5 48 40 91 9 8 19 36 81 12 67 48 
43 10 98 38 49 89 53 14 94 81 15 43 98 84 1 77 21 100 81 3 1 11 87 100 17 87 100 85 64 48 56 55 29 5 55 27 39 21 68 14 92 81 69 76 44 12 96 79 39 73 17 29 31 90 1 60 57 41 41 2 45 10 1 1 84 93 13 27 43 13 72 76 76 30 34 75 9 14 59 82 7 
54 14 58 10 71 55 31 15 15 68 13 4 4 40 12 79 61 62 49 91 89 23 17 32 57 87 17 55 33 94 16 38 73 21 65 92 71 7 32 52 95 55 28 44 79 55 42 52 9 7 57 97 68 67 27 26 44 21 88 42 88 44 80 99 71 19 45 33 39 11 48 56 68 49 59 84 47 21 59 22 29 95 
37 53 87 81 72 2 6 71 98 68 50 93 58 21 61 28 35 29 38 51 11 67 66 76 19 41 51 69 56 99 93 2 15 29 61 84 62 32 53 85 37 32 89 7 76 23 13 30 76 32 26 23 60 55 99 13 25 5 51 100 96 34 91 53 59 24 3 48 69 71 40 99 18 77 57 36 40 89 40 34 2 94 14 
91 17 90 37 19 4 79 36 27 22 63 85 36 53 70 99 41 54 16 70 4 18 24 5 4 51 33 70 58 40 66 53 65 5 16 28 94 23 48 34 2 51 72 39 73 67 83 1 54 65 75 18 91 92 13 16 93 99 88 10 43 9 75 90 70 91 71 70 15 34 57 28 75 14 51 49 1 69 3 49 9 56 41 55 
9 64 52 34 43 29 23 86 57 16 17 23 1 24 7 48 87 56 40 33 87 43 10 15 88 84 97 51 95 82 82 86 68 100 33 81 58 89 10 91 73 56 45 86 4 69 35 73 14 2 74 44 30 76 96 56 82 26 92 25 55 97 51 29 82 32 90 24 92 93 68 1 75 59 59 53 8 17 25 91 94 67 43 57 55 
56 41 97 22 73 76 2 91 82 39 21 60 64 27 94 87 60 76 29 98 83 65 93 58 72 64 28 4 22 45 14 3 23 34 50 85 19 95 31 60 26 24 87 97 12 93 3 59 67 51 37 30 56 68 93 29 75 95 22 74 72 71 55 16 37 89 1 54 13 40 30 55 24 23 89 53 71 2 46 13 45 69 7 50 69 15 
59 20 26 21 87 40 26 69 97 71 99 35 10 2 100 70 68 39 95 44 20 5 83 53 94 32 78 39 30 47 77 31 42 95 27 47 82 58 88 82 80 28 82 39 4 58 79 24 78 27 39 78 32 5 29 35 7 85 55 71 44 10 48 32 69 53 86 38 48 80 31 19 18 41 99 6 81 1 13 50 73 71 63 83 8 48 32 
69 33 39 4 38 41 2 70 42 95 21 18 94 88 16 14 55 9 88 90 51 6 41 14 7 59 9 50 61 52 58 50 95 41 39 80 24 97 43 57 58 18 76 70 11 63 23 67 83 5 38 89 69 78 41 78 35 40 31 74 64 33 46 35 14 43 95 92 86 20 31 38 36 30 50 78 31 75 27 47 81 50 65 68 23 83 24 91 
44 77 52 29 65 91 97 67 84 61 14 29 75 13 82 77 15 2 21 38 67 79 93 77 21 2 33 52 24 11 86 23 41 84 35 38 44 68 82 79 80 68 1 74 94 65 30 28 93 83 67 46 6 41 85 57 41 19 26 98 16 97 82 33 78 65 13 27 11 54 61 76 8 44 54 73 74 90 21 25 40 28 87 3 31 11 62 23 10 
58 10 66 82 58 41 90 12 40 75 95 38 25 15 55 58 21 61 91 57 85 41 87 3 71 72 5 58 28 8 87 97 67 85 34 92 95 55 34 40 45 90 14 84 17 36 83 95 4 69 75 35 95 9 95 96 5 1 43 75 26 22 82 14 12 5 31 24 26 27 37 8 58 59 34 58 72 77 28 15 94 48 83 62 13 73 25 85 6 76 
41 43 19 17 14 58 55 75 69 70 14 53 45 14 94 92 52 51 77 88 19 82 79 57 84 11 54 62 97 5 38 61 8 20 72 71 25 43 10 33 71 62 38 27 21 60 79 3 34 33 96 32 79 17 18 72 23 68 24 64 67 16 28 5 98 2 75 15 8 1 92 8 52 13 96 89 36 89 31 31 26 99 55 32 30 1 31 52 8 53 70 
51 68 37 90 42 22 29 79 93 83 11 4 73 67 98 16 68 29 82 21 75 24 70 46 77 70 15 50 48 10 81 8 15 59 42 2 52 7 46 98 41 20 15 69 36 22 31 80 15 21 9 89 25 58 94 3 47 69 62 68 56 68 10 17 91 9 71 84 76 64 44 12 5 13 80 50 23 40 78 16 25 4 86 1 83 80 7 45 52 85 68 38 
81 27 16 85 73 17 9 28 64 74 13 54 66 11 73 18 24 74 16 16 94 78 78 100 38 58 12 9 99 15 87 90 61 99 40 51 45 49 87 54 7 66 89 48 12 54 55 56 74 49 51 31 92 71 62 4 28 55 76 87 37 69 85 46 53 10 48 48 50 14 28 30 63 95 39 30 20 32 91 1 36 55 35 66 3 72 31 14 83 18 38 1 94 
58 51 90 71 24 29 12 68 48 86 62 26 98 19 38 31 63 51 95 6 49 69 19 81 42 40 28 64 85 10 93 63 46 60 23 74 43 66 26 60 34 92 49 23 9 25 23 17 95 86 49 45 72 27 94 54 53 64 40 80 33 84 10 6 7 97 59 42 31 9 71 68 5 76 60 44 65 71 19 33 90 78 49 71 68 66 28 81 66 4 65 68 16 78 
17 31 54 58 85 15 42 41 78 47 93 56 80 33 90 41 100 44 2 71 83 45 98 36 82 79 49 67 20 12 36 10 66 85 65 17 61 97 37 99 60 40 83 25 60 69 4 30 64 12 52 12 67 50 44 33 96 73 64 7 11 71 13 27 85 89 11 63 82 39 37 66 6 45 25 66 68 2 96 73 59 85 19 98 61 63 52 37 16 76 47 77 44 84 67 
3 92 16 74 49 39 61 23 34 88 71 29 94 83 98 34 20 33 3 12 95 99 94 92 72 12 44 90 87 60 43 27 65 10 71 36 9 90 66 46 93 75 59 24 90 8 35 88 11 37 40 96 12 97 16 74 70 82 67 1 22 77 90 4 42 40 50 90 42 86 8 3 73 86 98 78 82 2 13 24 50 19 94 7 59 75 1 61 49 67 64 70 1 42 24 35 
62 20 45 34 79 71 6 20 14 79 5 40 78 56 83 74 6 87 57 25 38 3 66 51 47 80 99 12 14 30 73 100 59 40 52 34 22 82 6 2 47 84 77 67 46 15 21 100 2 64 35 6 70 88 72 40 91 89 1 50 47 64 79 14 40 54 26 58 24 83 67 64 87 94 23 66 27 53 15 57 100 59 50 10 65 43 60 23 32 57 71 40 95 2 40 78 34 
22 69 99 43 13 26 58 66 73 12 28 14 52 8 99 42 81 82 96 13 74 100 32 33 15 55 20 34 82 40 36 53 84 79 73 8 99 46 13 29 18 55 55 4 76 75 94 99 47 42 79 17 30 59 84 34 38 72 95 8 76 15 79 57 19 16 25 51 86 86 71 27 39 31 54 10 45 87 10 41 62 6 59 53 23 11 16 40 67 98 37 34 99 93 7 81 63 76 
43 65 79 36 39 43 75 17 22 41 54 6 56 93 56 28 32 28 51 8 20 53 9 7 94 7 88 62 21 60 28 75 29 40 35 48 22 13 19 43 82 29 13 87 30 48 80 51 6 9 57 13 56 58 37 69 79 23 40 80 51 21 17 42 31 80 51 18 17 77 74 47 44 51 38 89 81 11 20 64 7 8 46 55 45 29 7 34 19 78 13 50 86 72 14 69 84 82 9 
56 12 68 97 54 20 76 26 91 90 91 94 58 4 50 29 94 30 65 20 62 43 61 77 41 60 29 68 100 95 22 50 4 93 43 80 58 12 56 34 34 40 2 21 62 81 24 39 38 27 55 84 73 38 87 42 40 8 69 42 80 83 73 36 9 12 23 65 46 58 35 53 76 82 91 18 32 99 23 21 24 8 76 46 90 16 85 56 97 90 62 2 19 9 53 76 60 46 68 90 
