200
72 
52 7 
79 39 13 
96 76 83 60 
77 48 69 16 36 
34 65 10 50 99 59 
7 92 94 42 19 49 94 
37 24 82 12 52 22 18 17 
30 73 71 25 38 56 44 35 49 
99 61 51 86 3 40 49 90 29 56 
38 8 100 82 47 44 3 77 63 72 81 
89 1 93 20 21 84 19 92 87 66 82 45 
52 89 99 65 39 28 42 12 96 46 56 98 11 
34 30 6 87 95 86 1 26 39 50 52 99 13 83 
77 74 14 32 76 44 57 79 24 68 35 83 66 23 63 
45 94 22 24 14 92 8 40 20 95 77 49 1 80 2 66 
71 75 3 38 21 24 41 67 42 41 60 50 77 41 16 50 74 
89 70 62 16 40 63 27 64 70 26 35 78 87 22 45 8 10 4 
17 2 82 32 2 48 6 39 77 87 45 48 6 30 45 1 84 82 5 
1 14 75 46 85 1 84 51 12 13 17 41 45 36 58 84 43 3 3 15 
85 59 95 46 5 26 96 61 98 68 20 94 23 38 85 87 33 36 46 30 74 
98 57 84 95 59 57 3 69 63 33 48 60 94 90 97 59 71 9 38 32 48 91 
35 46 26 100 21 21 19 65 29 31 5 58 25 9 63 8 69 74 86 97 62 72 70 
57 28 62 28 15 93 42 62 81 24 21 90 78 74 45 85 71 80 85 72 9 15 33 25 
33 52 30 58 5 20 55 99 90 32 77 9 98 30 9 65 47 96 49 21 71 20 24 75 18 
28 39 65 76 31 15 11 36 61 51 49 92 29 13 87 13 50 3 99 17 42 75 26 16 82 65 
35 15 85 21 72 84 3 66 7 71 29 1 56 70 90 71 76 46 22 81 1 29 47 9 74 34 5 
8 22 100 30 89 4 5 44 66 84 99 83 76 37 12 6 95 93 92 6 8 78 68 58 75 88 24 97 
63 9 84 30 40 11 50 92 89 71 28 86 11 30 98 61 75 83 50 29 29 33 43 48 68 43 92 1 78 
2 2 85 28 50 92 71 12 40 64 79 6 17 23 55 50 46 10 52 86 84 51 15 12 25 74 13 40 89 56 
54 30 61 7 82 1 79 40 83 87 19 67 61 25 96 36 90 39 53 83 37 23 8 99 32 44 61 27 6 17 75 
93 99 62 89 76 27 7 26 74 17 5 42 58 87 21 50 36 11 52 13 100 94 30 59 36 78 62 49 70 69 51 75 
86 8 40 72 7 27 67 97 89 51 6 7 12 13 85 52 72 10 74 28 76 5 89 46 13 36 21 17 93 76 12 89 19 
60 30 69 97 52 92 83 18 84 83 84 32 68 69 88 38 24 53 44 40 60 56 99 82 56 63 48 54 12 12 58 74 65 44 
61 96 32 35 75 89 7 82 31 78 25 54 27 2 83 59 75 71 2 16 18 77 2 78 70 55 82 37 57 61 89 55 41 13 51 
26 69 97 75 17 31 19 45 7 28 83 4 57 74 87 35 58 23 85 94 9 78 36 71 88 60 16 54 51 30 20 41 90 23 62 16 
3 28 5 31 83 11 19 61 5 20 83 87 99 86 92 52 34 92 57 91 37 55 66 8 63 13 60 9 86 38 60 64 47 46 5 10 48 
100 57 14 1 16 70 50 82 9 7 16 3 26 8 62 65 24 45 16 43 97 31 13 93 11 99 32 50 16 2 1 1 29 27 87 77 86 23 
12 96 19 49 57 60 91 46 40 88 25 4 50 73 100 91 54 73 59 69 37 14 47 48 79 80 32 65 62 58 60 46 3 28 8 2 94 16 66 
2 95 72 96 8 3 7 73 81 44 71 77 28 84 13 65 5 70 66 40 47 84 15 43 64 19 60 1 4 65 1 31 33 2 68 81 13 52 88 77 
59 32 26 47 81 54 83 7 65 88 45 91 92 80 48 85 8 24 60 42 26 13 26 44 50 12 60 8 43 12 35 90 99 93 30 52 59 36 42 48 32 
66 91 37 96 76 40 79 79 57 46 100 74 31 51 37 95 65 53 49 55 10 7 86 26 66 26 30 56 64 17 51 8 98 12 72 75 73 76 51 38 14 64 
3 61 97 17 7 10 66 49 1 7 63 60 5 72 81 50 20 78 51 44 67 37 91 13 90 98 67 61 34 48 9 28 14 100 48 35 81 92 33 31 93 70 41 
78 98 14 83 1 83 97 15 67 12 11 72 20 15 72 6 39 63 59 87 51 66 82 8 16 30 58 92 60 39 6 36 64 65 30 2 78 49 83 52 65 56 62 94 
4 19 68 14 89 35 20 2 69 10 64 100 92 52 93 94 82 57 90 84 21 59 7 17 35 22 85 65 97 26 11 98 50 91 10 76 14 86 92 80 44 8 69 74 29 
88 64 93 97 43 59 21 86 49 47 98 34 18 87 87 36 80 21 36 22 33 9 35 50 93 13 79 4 41 45 99 32 96 65 19 40 69 78 7 80 83 36 11 39 43 96 
27 83 91 91 51 70 38 69 5 96 84 89 78 50 69 63 13 23 64 51 83 90 89 55 30 18 35 50 3 54 12 92 13 32 15 87 48 82 67 23 37 56 90 80 61 35 68 
82 90 47 39 43 83 61 31 64 78 66 39 45 88 20 87 32 78 31 97 62 25 10 45 91 2 36 96 22 49 47 65 23 43 62 34 63 35 84 2 93 86 76 64 70 19 84 48 
55 3 1 42 69 81 72 98 45 76 4 71 4 18 14 82 8 13 18 53 46 64 3 89 52 15 31 11 66 91 86 20 37 36 27 41 37 39 11 22 78 22 39 7 20 79 5 44 51 
61 27 68 87 6 97 18 12 90 77 74 43 79 62 8 29 6 72 89 27 14 50 19 21 23 48 28 73 5 26 86 85 83 87 57 23 45 61 73 82 47 5 74 53 57 91 45 95 33 26 
92 23 49 9 100 25 52 87 42 51 12 60 34 26 20 4 29 83 63 81 17 15 1 66 36 6 14 7 7 23 88 87 20 27 56 69 57 57 15 50 25 6 21 91 53 17 8 17 12 58 60 
62 88 1 90 14 36 32 5 4 100 66 62 28 57 58 94 23 2 95 80 38 93 23 65 96 69 55 38 62 64 78 88 95 44 54 56 64 41 37 12 82 23 44 44 53 91 41 66 83 37 80 67 
42 47 84 63 34 93 65 23 92 81 28 7 14 32 93 51 73 46 35 57 83 43 14 51 21 65 42 19 19 87 85 97 37 93 99 83 88 31 7 92 60 24 79 26 21 100 59 11 2 40 66 46 87 
79 84 27 12 45 81 51 74 56 52 56 3 47 77 48 7 4 93 80 20 48 43 98 71 99 20 76 7 39 98 83 22 33 26 67 7 73 99 33 22 7 27 26 66 16 77 42 96 25 22 58 26 62 57 
76 43 23 48 7 39 4 64 8 3 31 6 5 20 1 67 40 43 43 100 56 47 78 93 94 1 61 34 62 18 58 81 91 77 4 39 25 53 3 79 17 85 19 87 20 91 61 33 25 45 41 5 9 79 50 
16 61 92 44 98 69 89 3 71 59 82 89 55 53 88 50 85 85 66 91 73 57 50 36 76 33 39 1 46 93 72 40 70 18 4 55 11 58 4 73 44 96 45 20 49 30 27 86 42 27 47 39 81 10 88 24 
90 33 71 51 64 49 91 67 67 64 45 80 66 35 75 48 64 90 14 28 80 41 73 72 81 80 29 25 69 9 81 2 35 74 15 40 71 37 62 81 17 83 84 67 54 25 77 60 20 10 64 45 24 57 100 51 57 
64 71 65 77 73 20 89 49 98 23 10 40 46 31 51 35 70 12 23 81 83 82 84 76 27 41 10 39 61 100 90 5 34 84 50 49 56 76 58 61 74 24 27 58 26 15 32 46 40 75 47 36 64 39 72 24 42 16 
17 21 80 21 92 2 25 87 80 57 64 66 50 57 28 38 6 71 100 65 93 60 93 88 80 82 1 3 1 57 73 18 36 13 55 89 35 99 42 21 53 50 73 23 60 68 59 69 68 86 24 35 48 51 69 88 53 46 55 
26 9 61 19 17 7 94 48 63 41 19 33 28 67 61 60 4 53 11 43 82 14 10 94 4 61 30 14 33 62 36 50 54 6 97 17 99 98 69 15 77 63 61 13 29 30 56 76 27 80 81 36 89 33 25 47 86 1 29 58 
74 34 5 35 38 30 30 19 83 7 89 40 17 17 86 22 61 20 25 77 84 40 67 54 64 29 75 75 2 16 68 71 47 93 2 65 91 89 76 1 28 60 13 78 35 9 91 29 34 88 86 69 67 57 83 89 74 27 52 84 20 
48 51 33 66 83 60 12 16 4 38 26 63 96 16 56 56 10 9 95 75 18 62 95 5 29 73 4 9 3 16 61 29 73 85 88 64 10 55 22 30 20 27 75 55 34 2 62 43 84 32 52 76 94 76 78 11 25 88 38 22 19 16 
30 65 48 75 38 25 51 25 97 60 65 33 86 40 81 42 89 3 1 11 51 31 64 40 10 14 34 39 60 22 17 75 99 13 99 95 42 16 76 79 78 49 45 78 7 32 76 48 76 94 58 58 75 74 41 1 84 32 53 52 49 17 63 
55 18 39 32 10 36 6 48 18 33 22 2 92 95 42 50 26 49 41 2 44 79 66 30 9 39 71 34 21 84 53 16 11 6 9 11 51 21 12 95 43 25 78 19 40 8 26 67 61 32 32 57 13 93 49 4 91 26 81 30 6 65 62 84 
46 33 28 88 1 63 62 40 10 33 72 40 66 19 93 92 98 84 15 53 13 57 71 16 69 61 11 23 64 96 7 70 30 23 52 17 83 41 29 18 34 83 71 94 95 42 17 28 11 81 99 48 6 15 89 7 69 96 71 13 50 23 89 73 53 
70 44 30 43 18 10 12 54 19 38 9 83 42 29 6 87 43 93 38 3 94 98 47 77 25 66 17 42 24 72 69 66 86 42 55 31 48 75 1 45 99 41 53 100 15 89 42 17 20 83 40 83 24 82 16 34 86 27 45 26 93 24 87 14 3 16 
5 67 32 55 42 2 75 90 66 72 97 35 21 36 73 91 82 67 4 24 36 91 6 9 39 12 56 44 99 53 87 2 65 47 40 35 23 59 12 21 93 66 61 7 3 89 61 74 67 17 55 59 88 95 98 16 69 39 29 45 48 10 35 26 56 6 81 
71 23 97 90 56 83 100 16 91 29 96 36 11 97 16 65 48 44 52 70 64 99 97 21 26 37 79 40 25 20 55 60 35 79 56 86 30 59 45 23 97 70 10 61 88 12 27 15 53 53 26 81 9 15 88 66 6 13 23 8 38 3 15 69 88 38 70 43 
38 29 38 46 33 42 52 77 97 64 92 10 88 39 100 26 85 97 41 77 93 78 16 43 85 36 57 80 99 88 92 41 14 92 12 40 17 43 56 9 5 49 32 66 66 28 96 90 31 23 99 91 21 95 54 91 11 55 42 53 15 92 1 32 22 98 68 84 36 
16 77 100 36 23 29 97 46 29 95 39 36 96 15 66 77 20 21 49 19 60 15 48 18 98 23 49 96 12 91 59 96 87 54 81 48 7 87 87 44 80 32 8 79 74 54 42 22 48 26 21 16 49 57 19 76 17 17 16 60 16 74 19 6 67 9 68 98 7 87 
30 74 35 95 97 95 6 86 63 1 2 65 69 53 21 66 49 75 39 13 63 25 15 30 100 64 33 51 13 22 65 95 81 46 34 39 86 2 62 58 46 63 76 36 51 94 21 45 54 13 29 80 69 32 84 86 11 93 93 57 89 100 95 66 5 6 52 39 5 33 58 
66 100 29 3 29 87 7 73 54 5 76 31 95 58 59 49 37 10 92 25 13 62 24 75 34 40 19 43 29 82 88 11 24 36 46 70 36 88 81 83 35 34 60 39 39 41 29 58 97 91 92 20 44 79 2 68 37 38 91 49 4 68 84 62 24 73 12 71 14 54 25 32 
68 51 69 61 21 27 57 82 40 14 65 96 67 100 30 31 41 15 99 91 9 71 38 73 62 38 5 85 89 54 77 88 11 7 77 58 48 60 86 46 13 66 59 2 48 70 42 48 4 8 69 75 80 67 48 26 43 58 39 45 64 79 71 36 65 66 20 88 48 61 62 63 74 
30 51 25 37 40 18 8 36 5 50 80 15 35 63 65 82 96 80 93 3 34 94 51 80 94 88 64 94 54 47 81 41 97 88 54 3 81 6 6 71 43 53 29 99 39 54 20 52 23 55 33 23 60 36 63 78 33 35 21 8 26 43 79 81 61 48 54 82 21 9 54 50 9 81 
97 31 76 91 84 98 15 55 28 80 48 92 77 15 81 13 27 11 54 52 21 72 56 44 6 97 48 34 9 47 10 81 92 32 89 37 47 38 70 67 44 55 89 75 5 69 61 41 18 63 56 56 4 3 77 98 50 32 32 49 77 70 18 31 47 65 87 18 93 55 64 51 79 54 3 
87 13 7 22 31 67 47 33 16 14 19 58 55 64 8 77 35 77 46 19 90 26 35 87 24 22 26 70 75 3 58 39 96 73 40 13 56 85 46 61 31 28 79 13 63 47 3 24 39 26 82 50 6 27 63 88 88 58 21 59 64 19 55 96 15 37 75 41 95 19 85 85 11 41 67 33 
18 58 59 31 80 83 30 80 3 76 83 21 32 68 90 55 15 62 54 58 69 25 86 73 6 70 61 23 77 96 38 38 35 61 55 61 36 50 31 90 66 7 14 70 59 48 81 49 36 22 74 46 82 89 53 26 92 29 36 2 1 3 9 47 13 35 100 70 21 37 59 63 96 73 78 4 99 
5 100 28 56 47 86 97 76 41 42 80 83 47 69 42 21 75 74 92 11 55 100 53 17 22 16 84 12 77 97 32 95 63 2 9 32 36 41 92 1 70 100 31 89 11 12 46 61 91 97 1 32 74 24 69 78 35 2 57 37 73 86 50 53 7 83 42 64 69 89 23 97 16 21 87 48 18 61 
76 20 50 61 23 25 82 81 17 61 63 68 100 44 57 22 3 70 51 42 86 79 78 77 89 47 36 76 12 58 68 62 84 69 4 78 14 59 55 34 20 67 52 89 27 23 93 17 76 19 28 76 3 4 55 20 34 86 7 92 63 7 100 46 6 90 99 19 71 46 51 17 96 41 20 29 52 58 70 
16 51 17 41 70 1 59 71 8 99 43 44 54 47 26 58 62 88 95 26 71 91 16 54 71 19 64 85 89 56 71 50 20 64 25 52 75 29 40 6 88 25 51 42 25 77 6 13 86 34 2 95 25 71 63 45 94 1 28 82 84 52 30 93 51 37 12 37 5 48 40 91 9 8 19 36 81 12 67 48 
43 10 98 38 49 89 53 14 94 81 15 43 98 84 1 77 21 100 81 3 1 11 87 100 17 87 100 85 64 48 56 55 29 5 55 27 39 21 68 14 92 81 69 76 44 12 96 79 39 73 17 29 31 90 1 60 57 41 41 2 45 10 1 1 84 93 13 27 43 13 72 76 76 30 34 75 9 14 59 82 7 
54 14 58 10 71 55 31 15 15 68 13 4 4 40 12 79 61 62 49 91 89 23 17 32 57 87 17 55 33 94 16 38 73 21 65 92 71 7 32 52 95 55 28 44 79 55 42 52 9 7 57 97 68 67 27 26 44 21 88 42 88 44 80 99 71 19 45 33 39 11 48 56 68 49 59 84 47 21 59 22 29 95 
37 53 87 81 72 2 6 71 98 68 50 93 58 21 61 28 35 29 38 51 11 67 66 76 19 41 51 69 56 99 93 2 15 29 61 84 62 32 53 85 37 32 89 7 76 23 13 30 76 32 26 23 60 55 99 13 25 5 51 100 96 34 91 53 59 24 3 48 69 71 40 99 18 77 57 36 40 89 40 34 2 94 14 
91 17 90 37 19 4 79 36 27 22 63 85 36 53 70 99 41 54 16 70 4 18 24 5 4 51 33 70 58 40 66 53 65 5 16 28 94 23 48 34 2 51 72 39 73 67 83 1 54 65 75 18 91 92 13 16 93 99 88 10 43 9 75 90 70 91 71 70 15 34 57 28 75 14 51 49 1 69 3 49 9 56 41 55 
9 64 52 34 43 29 23 86 57 16 17 23 1 24 7 48 87 56 40 33 87 43 10 15 88 84 97 51 95 82 82 86 68 100 33 81 58 89 10 91 73 56 45 86 4 69 35 73 14 2 74 44 30 76 96 56 82 26 92 25 55 97 51 29 82 32 90 24 92 93 68 1 75 59 59 53 8 17 25 91 94 67 43 57 55 
56 41 97 22 73 76 2 91 82 39 21 60 64 27 94 87 60 76 29 98 83 65 93 58 72 64 28 4 22 45 14 3 23 34 50 85 19 95 31 60 26 24 87 97 12 93 3 59 67 51 37 30 56 68 93 29 75 95 22 74 72 71 55 16 37 89 1 54 13 40 30 55 24 23 89 53 71 2 46 13 45 69 7 50 69 15 
59 20 26 21 87 40 26 69 97 71 99 35 10 2 100 70 68 39 95 44 20 5 83 53 94 32 78 39 30 47 77 31 42 95 27 47 82 58 88 82 80 28 82 39 4 58 79 24 78 27 39 78 32 5 29 35 7 85 55 71 44 10 48 32 69 53 86 38 48 80 31 19 18 41 99 6 81 1 13 50 73 71 63 83 8 48 32 
69 33 39 4 38 41 2 70 42 95 21 18 94 88 16 14 55 9 88 90 51 6 41 14 7 59 9 50 61 52 58 50 95 41 39 80 24 97 43 57 58 18 76 70 11 63 23 67 83 5 38 89 69 78 41 78 35 40 31 74 64 33 46 35 14 43 95 92 86 20 31 38 36 30 50 78 31 75 27 47 81 50 65 68 23 83 24 91 
44 77 52 29 65 91 97 67 84 61 14 29 75 13 82 77 15 2 21 38 67 79 93 77 21 2 33 52 24 11 86 23 41 84 35 38 44 68 82 79 80 68 1 74 94 65 30 28 93 83 67 46 6 41 85 57 41 19 26 98 16 97 82 33 78 65 13 27 11 54 61 76 8 44 54 73 74 90 21 25 40 28 87 3 31 11 62 23 10 
58 10 66 82 58 41 90 12 40 75 95 38 25 15 55 58 21 61 91 57 85 41 87 3 71 72 5 58 28 8 87 97 67 85 34 92 95 55 34 40 45 90 14 84 17 36 83 95 4 69 75 35 95 9 95 96 5 1 43 75 26 22 82 14 12 5 31 24 26 27 37 8 58 59 34 58 72 77 28 15 94 48 83 62 13 73 25 85 6 76 
41 43 19 17 14 58 55 75 69 70 14 53 45 14 94 92 52 51 77 88 19 82 79 57 84 11 54 62 97 5 38 61 8 20 72 71 25 43 10 33 71 62 38 27 21 60 79 3 34 33 96 32 79 17 18 72 23 68 24 64 67 16 28 5 98 2 75 15 8 1 92 8 52 13 96 89 36 89 31 31 26 99 55 32 30 1 31 52 8 53 70 
51 68 37 90 42 22 29 79 93 83 11 4 73 67 98 16 68 29 82 21 75 24 70 46 77 70 15 50 48 10 81 8 15 59 42 2 52 7 46 98 41 20 15 69 36 22 31 80 15 21 9 89 25 58 94 3 47 69 62 68 56 68 10 17 91 9 71 84 76 64 44 12 5 13 80 50 23 40 78 16 25 4 86 1 83 80 7 45 52 85 68 38 
81 27 16 85 73 17 9 28 64 74 13 54 66 11 73 18 24 74 16 16 94 78 78 100 38 58 12 9 99 15 87 90 61 99 40 51 45 49 87 54 7 66 89 48 12 54 55 56 74 49 51 31 92 71 62 4 28 55 76 87 37 69 85 46 53 10 48 48 50 14 28 30 63 95 39 30 20 32 91 1 36 55 35 66 3 72 31 14 83 18 38 1 94 
58 51 90 71 24 29 12 68 48 86 62 26 98 19 38 31 63 51 95 6 49 69 19 81 42 40 28 64 85 10 93 63 46 60 23 74 43 66 26 60 34 92 49 23 9 25 23 17 95 86 49 45 72 27 94 54 53 64 40 80 33 84 10 6 7 97 59 42 31 9 71 68 5 76 60 44 65 71 19 33 90 78 49 71 68 66 28 81 66 4 65 68 16 78 
17 31 54 58 85 15 42 41 78 47 93 56 80 33 90 41 100 44 2 71 83 45 98 36 82 79 49 67 20 12 36 10 66 85 65 17 61 97 37 99 60 40 83 25 60 69 4 30 64 12 52 12 67 50 44 33 96 73 64 7 11 71 13 27 85 89 11 63 82 39 37 66 6 45 25 66 68 2 96 73 59 85 19 98 61 63 52 37 16 76 47 77 44 84 67 
3 92 16 74 49 39 61 23 34 88 71 29 94 83 98 34 20 33 3 12 95 99 94 92 72 12 44 90 87 60 43 27 65 10 71 36 9 90 66 46 93 75 59 24 90 8 35 88 11 37 40 96 12 97 16 74 70 82 67 1 22 77 90 4 42 40 50 90 42 86 8 3 73 86 98 78 82 2 13 24 50 19 94 7 59 75 1 61 49 67 64 70 1 42 24 35 
62 20 45 34 79 71 6 20 14 79 5 40 78 56 83 74 6 87 57 25 38 3 66 51 47 80 99 12 14 30 73 100 59 40 52 34 22 82 6 2 47 84 77 67 46 15 21 100 2 64 35 6 70 88 72 40 91 89 1 50 47 64 79 14 40 54 26 58 24 83 67 64 87 94 23 66 27 53 15 57 100 59 50 10 65 43 60 23 32 57 71 40 95 2 40 78 34 
22 69 99 43 13 26 58 66 73 12 28 14 52 8 99 42 81 82 96 13 74 100 32 33 15 55 20 34 82 40 36 53 84 79 73 8 99 46 13 29 18 55 55 4 76 75 94 99 47 42 79 17 30 59 84 34 38 72 95 8 76 15 79 57 19 16 25 51 86 86 71 27 39 31 54 10 45 87 10 41 62 6 59 53 23 11 16 40 67 98 37 34 99 93 7 81 63 76 
43 65 79 36 39 43 75 17 22 41 54 6 56 93 56 28 32 28 51 8 20 53 9 7 94 7 88 62 21 60 28 75 29 40 35 48 22 13 19 43 82 29 13 87 30 48 80 51 6 9 57 13 56 58 37 69 79 23 40 80 51 21 17 42 31 80 51 18 17 77 74 47 44 51 38 89 81 11 20 64 7 8 46 55 45 29 7 34 19 78 13 50 86 72 14 69 84 82 9 
56 12 68 97 54 20 76 26 91 90 91 94 58 4 50 29 94 30 65 20 62 43 61 77 41 60 29 68 100 95 22 50 4 93 43 80 58 12 56 34 34 40 2 21 62 81 24 39 38 27 55 84 73 38 87 42 40 8 69 42 80 83 73 36 9 12 23 65 46 58 35 53 76 82 91 18 32 99 23 21 24 8 76 46 90 16 85 56 97 90 62 2 19 9 53 76 60 46 68 90 
26 23 22 36 83 7 22 71 73 18 73 41 45 19 11 7 75 33 94 90 91 35 48 11 86 30 25 24 6 5 94 25 38 10 75 15 36 2 91 38 62 3 51 18 31 76 65 34 78 51 34 15 73 23 54 15 51 36 63 43 2 86 6 72 58 66 34 90 90 93 64 83 43 26 69 10 18 71 57 100 68 28 71 99 62 98 55 53 5 95 96 94 41 36 82 82 29 32 9 47 70 
84 65 78 44 98 87 20 88 63 62 57 81 30 85 31 67 76 17 5 13 55 25 54 30 12 19 26 7 75 61 82 42 26 48 84 31 65 34 6 55 49 31 50 83 7 79 89 56 79 70 96 65 48 24 19 29 51 94 62 49 22 1 27 49 20 82 73 9 61 3 11 33 1 50 37 6 10 83 98 58 36 5 49 26 57 3 34 31 56 2 78 40 52 29 33 6 23 84 60 18 69 96 
94 73 94 44 41 91 40 66 37 60 31 23 84 90 90 80 37 72 10 14 60 24 26 64 93 32 61 23 99 21 41 93 94 30 82 100 26 87 14 28 76 45 59 36 92 80 100 76 49 42 31 52 94 49 65 72 16 54 59 5 66 12 37 7 14 6 38 6 25 15 73 95 74 92 62 78 40 37 78 50 96 6 15 10 65 99 55 32 28 18 13 59 88 42 22 94 52 86 88 49 5 8 2 
77 89 79 38 59 70 55 9 58 99 23 28 79 15 60 39 22 17 6 83 8 29 76 68 87 39 1 27 37 1 92 71 83 9 22 73 68 27 58 91 46 86 53 48 29 20 2 35 51 81 23 66 22 96 49 20 98 61 26 62 95 55 75 3 64 73 90 4 58 48 35 88 92 83 52 39 96 1 52 47 70 35 27 93 46 83 61 77 90 51 48 72 9 57 52 9 86 33 56 18 61 52 49 59 
77 97 56 10 18 48 33 38 99 21 14 80 5 33 50 68 60 64 72 93 59 16 70 96 39 12 24 98 34 60 14 81 4 38 47 27 70 48 21 82 72 54 21 11 3 72 79 52 4 12 99 7 43 69 71 86 92 14 93 38 29 71 90 48 80 14 59 26 52 66 54 44 78 58 49 47 93 38 41 79 85 7 87 71 97 45 7 99 30 50 58 42 63 91 8 69 82 10 80 69 37 74 66 74 25 
22 93 29 88 19 5 84 34 43 43 51 16 87 59 18 87 57 90 40 56 94 84 64 24 74 58 69 49 73 52 46 8 54 70 81 96 32 91 96 20 89 53 7 3 69 73 67 20 85 12 42 91 71 27 90 42 73 47 36 94 70 38 93 16 47 58 43 78 1 77 29 17 48 87 5 26 97 58 75 64 46 76 88 90 87 58 39 12 93 28 98 60 4 36 49 19 94 73 70 88 19 31 46 49 31 97 
29 77 72 81 47 99 85 34 22 71 97 32 56 61 72 74 67 98 37 55 11 47 75 34 98 13 67 2 17 61 23 52 83 26 75 78 67 80 39 45 87 57 42 20 95 46 79 75 57 28 35 28 20 65 96 17 55 27 17 100 23 8 98 62 68 75 98 59 94 85 60 15 93 43 98 82 76 59 66 22 53 26 12 28 85 48 62 96 57 81 5 31 93 24 40 33 27 92 97 100 80 63 55 56 95 68 86 
9 84 61 94 55 24 33 15 1 3 83 86 45 79 51 83 10 3 29 14 10 91 82 77 30 98 5 72 92 48 87 36 66 86 2 83 24 5 61 81 64 65 29 75 1 75 13 5 95 68 35 3 4 87 14 95 81 2 27 76 67 90 61 7 47 36 81 5 49 14 6 46 58 14 52 53 64 92 53 42 54 60 12 21 20 57 70 24 26 34 15 48 37 88 73 54 84 7 89 46 53 39 78 3 32 60 54 10 
22 93 44 25 77 47 3 80 22 73 53 79 84 9 56 9 52 51 8 24 74 14 39 32 98 92 38 18 36 15 18 97 26 62 48 60 89 64 86 48 95 61 96 12 19 26 56 59 28 81 13 65 28 40 1 55 44 41 98 26 53 81 73 31 41 70 86 5 19 91 78 78 16 22 78 15 26 85 37 40 36 93 49 3 71 31 99 89 36 16 22 57 29 46 92 7 77 99 13 99 91 62 1 97 97 83 81 23 4 
14 40 92 9 64 44 27 45 16 87 68 24 80 17 6 27 39 43 80 92 40 11 13 55 92 59 83 46 46 94 54 22 43 28 76 75 51 15 90 60 70 1 79 70 42 77 51 42 91 90 84 91 21 66 74 29 65 48 25 23 3 1 64 11 83 98 72 5 18 1 10 53 31 14 72 84 52 22 68 89 18 11 2 15 79 26 77 58 96 15 17 30 91 85 48 39 56 70 24 60 72 20 88 88 11 95 93 96 60 71 
65 82 47 3 30 82 97 62 79 21 67 78 14 15 36 26 80 38 66 12 21 90 53 64 87 10 62 89 86 72 93 89 46 83 35 82 71 41 67 51 7 21 47 3 84 34 12 69 16 85 85 37 42 68 26 78 3 80 8 95 100 39 28 81 5 43 43 9 28 20 30 96 4 47 11 21 53 11 53 8 84 87 93 37 84 72 98 90 91 74 55 73 17 99 64 83 70 91 84 45 91 82 10 8 8 3 71 5 9 67 82 
99 80 28 11 77 40 39 60 11 41 79 50 97 83 77 45 36 70 35 93 51 74 5 44 81 29 94 93 30 11 92 44 66 86 92 89 70 80 84 3 65 79 7 68 4 41 58 37 24 27 86 42 45 98 21 75 8 24 28 49 14 58 54 56 15 69 60 33 43 76 34 65 72 17 18 86 17 45 97 80 27 54 43 84 63 91 59 24 93 5 92 62 42 73 57 98 9 93 15 89 97 1 31 53 32 27 59 90 36 61 85 13 
58 48 90 38 77 7 85 36 54 56 43 86 16 81 6 29 14 11 68 52 14 89 30 34 78 51 62 49 43 92 9 24 18 38 93 25 24 74 16 5 45 71 38 73 42 4 69 85 80 6 3 95 88 44 71 11 76 95 27 14 83 46 34 69 23 30 27 6 85 12 58 19 91 81 64 23 19 7 11 51 11 57 25 57 42 88 83 4 43 35 12 60 66 94 79 85 57 75 71 72 69 57 100 96 34 41 100 72 77 65 80 83 34 
29 66 90 10 100 79 100 70 39 40 73 53 67 38 84 2 42 12 31 78 7 95 60 31 61 69 95 60 4 4 31 3 16 45 45 12 38 75 49 67 46 36 92 81 31 49 30 16 14 99 58 16 11 76 85 45 43 51 59 77 12 22 94 9 20 31 59 89 74 87 68 95 81 56 62 19 84 80 65 62 34 41 67 4 59 37 95 73 59 39 68 72 37 73 94 45 87 37 33 71 51 24 92 62 10 31 88 59 48 48 46 79 28 31 
91 50 29 58 37 12 24 15 61 75 3 13 59 86 22 100 87 19 30 98 60 32 40 72 49 25 31 64 88 60 6 3 81 86 65 42 91 10 82 46 3 27 25 44 56 72 76 72 89 90 28 12 28 82 55 62 36 91 38 16 33 28 88 18 1 41 15 75 89 78 88 26 51 62 23 35 80 95 73 19 34 93 1 74 50 39 67 28 37 44 52 35 72 87 59 76 44 62 93 53 21 25 27 9 97 2 20 53 41 35 85 92 76 27 77 
8 79 93 9 18 51 85 17 54 59 11 46 57 44 67 52 3 32 71 40 20 58 36 54 29 19 62 95 13 64 44 68 100 56 94 70 75 40 68 99 26 80 65 96 46 63 60 93 54 100 76 73 78 4 4 23 86 32 82 71 18 42 99 14 91 92 19 69 55 23 87 16 83 53 17 19 42 7 49 41 61 6 45 46 100 48 84 25 63 84 9 10 63 28 25 69 68 51 43 27 95 83 36 16 23 20 92 46 25 62 92 29 78 71 61 22 
9 69 61 59 5 14 39 47 23 43 86 65 18 75 79 91 58 40 98 85 92 48 68 9 22 48 57 76 91 76 3 99 74 96 64 44 93 77 26 29 99 26 63 72 58 88 31 4 3 9 37 30 77 85 53 67 69 55 91 7 29 78 24 39 98 41 48 73 86 65 82 81 49 19 61 88 53 3 7 96 55 62 5 41 29 2 87 15 58 78 83 57 68 82 99 20 8 62 54 96 78 83 33 47 62 4 70 53 91 91 92 87 43 70 67 65 14 
78 8 88 1 83 6 87 17 29 70 3 56 88 92 19 64 59 97 70 76 99 80 57 7 2 64 74 37 20 29 2 43 91 52 33 59 11 52 63 89 50 11 41 21 75 40 65 41 86 60 15 83 37 9 42 30 68 45 79 93 15 51 37 31 34 5 12 60 73 100 57 92 40 8 3 49 48 2 85 56 49 19 64 27 71 2 67 87 90 33 52 21 89 39 71 74 28 18 16 92 82 53 38 14 72 79 85 28 85 56 5 96 56 42 47 13 18 76 
21 51 99 88 38 88 73 42 14 16 22 87 18 16 14 76 78 78 10 13 18 68 71 76 13 11 89 9 30 14 28 17 58 88 12 7 8 65 37 87 79 78 34 81 89 29 3 10 91 2 81 65 96 17 52 39 27 55 39 65 92 23 82 82 69 54 42 14 11 67 92 6 57 25 71 95 53 23 42 47 39 2 62 66 23 25 83 13 81 15 74 11 71 15 26 16 41 41 79 18 63 75 46 9 26 95 89 28 17 43 3 17 59 42 99 68 98 56 42 
91 94 40 78 33 4 8 80 74 31 85 86 42 4 34 96 83 77 33 38 76 19 74 55 88 58 96 21 29 98 32 88 53 87 54 46 71 87 57 11 15 93 25 67 5 91 22 90 30 73 58 76 94 25 60 74 50 42 54 10 66 92 75 78 59 76 38 100 33 69 26 37 84 52 55 67 51 33 34 99 14 12 82 50 30 16 2 67 12 75 42 22 7 84 99 33 35 100 94 35 14 21 39 82 61 33 8 99 3 42 3 62 84 62 45 88 97 76 35 94 
87 27 76 79 27 76 92 48 46 30 29 100 94 24 7 52 39 91 6 33 88 9 45 52 81 77 78 19 54 54 13 75 2 68 52 37 54 98 72 50 9 43 95 96 82 6 18 56 51 40 23 30 4 94 70 42 4 18 73 89 61 43 95 91 36 14 38 91 47 11 70 40 69 66 24 25 58 17 59 99 100 64 47 7 87 23 27 49 33 70 85 36 42 59 89 73 91 24 21 14 88 95 14 4 25 33 46 65 16 55 39 30 27 94 62 78 100 18 23 13 80 
93 42 84 7 51 75 3 24 13 15 38 55 74 34 64 80 39 76 32 49 33 47 93 21 100 21 21 28 76 19 80 25 6 32 20 60 74 26 28 54 90 69 46 74 61 16 78 37 7 23 63 6 90 10 34 92 43 94 31 48 9 7 80 63 93 74 1 69 5 33 24 72 64 98 74 91 52 74 10 40 35 25 49 29 47 81 31 28 53 89 46 47 6 2 18 3 78 29 61 26 58 82 58 14 89 14 15 47 19 93 34 65 45 100 58 60 45 73 39 51 66 63 
7 6 67 62 25 57 85 93 14 27 42 54 68 12 64 46 5 80 81 26 55 6 63 43 20 19 48 80 59 80 27 5 58 67 93 17 43 79 15 97 34 54 95 5 21 52 44 85 30 40 1 29 75 42 65 51 4 27 76 46 93 47 74 11 95 34 42 34 35 14 62 79 35 22 21 3 2 11 95 53 14 15 88 31 40 90 99 71 79 66 58 21 43 95 79 78 20 68 41 26 92 18 93 13 15 11 45 44 24 49 58 8 38 28 32 87 57 87 29 3 21 34 63 
86 89 66 37 72 65 97 60 96 99 90 91 27 30 57 23 70 32 53 48 34 17 45 46 56 75 47 60 68 57 4 51 72 85 88 22 98 31 9 82 28 84 21 84 96 89 56 33 41 11 81 82 60 31 74 57 82 80 8 3 23 62 69 58 93 5 15 87 75 37 10 64 74 46 63 71 6 8 56 89 42 90 68 24 23 50 68 77 41 72 7 47 78 54 65 52 61 55 18 61 97 15 68 99 90 34 43 23 33 6 42 49 57 69 62 74 10 99 65 51 67 85 39 71 
4 10 73 70 51 31 72 94 19 29 9 68 18 63 71 31 90 9 42 82 81 69 33 99 93 73 62 75 69 33 41 5 48 19 6 51 84 24 65 52 99 59 71 16 88 83 85 21 38 85 82 91 21 64 33 69 62 85 50 8 24 23 14 65 43 26 94 33 85 39 13 64 56 66 2 31 8 3 27 66 33 12 35 93 39 32 19 31 61 4 55 25 89 35 65 24 96 88 98 28 92 83 81 94 36 47 68 78 33 53 22 52 5 30 2 10 13 53 5 6 92 28 84 60 69 
44 84 77 90 58 37 7 52 73 4 93 81 100 4 43 19 17 27 14 26 20 83 93 34 52 29 41 87 99 82 4 44 61 84 66 82 74 61 4 9 62 85 53 20 46 53 95 92 34 48 98 9 17 78 45 9 43 27 77 81 80 18 45 93 79 80 86 74 56 72 63 72 77 32 44 46 26 48 38 53 92 87 2 40 20 22 58 27 55 67 80 61 72 17 72 92 86 42 41 16 48 47 25 67 100 94 22 21 7 32 57 45 97 88 47 7 47 89 36 34 7 93 33 29 50 73 
5 23 23 54 94 64 42 69 70 41 83 27 6 33 17 77 48 59 37 92 2 47 16 58 31 77 9 23 52 82 58 93 94 59 50 31 98 19 4 90 99 39 51 8 5 20 91 67 9 81 76 69 89 31 86 63 18 46 22 13 28 58 74 26 27 66 95 77 25 72 13 12 14 81 34 25 75 95 73 65 37 22 24 57 34 100 78 28 71 37 23 90 10 43 32 85 30 77 88 53 67 2 10 56 45 22 59 23 78 1 92 6 36 41 2 53 38 91 93 75 52 6 73 62 21 13 77 
23 35 90 33 24 52 67 79 31 37 99 80 60 2 71 23 62 45 21 20 68 4 74 36 47 68 71 91 5 14 5 27 65 62 99 40 13 63 88 16 64 36 25 35 100 3 10 7 94 42 74 97 8 65 93 69 79 59 98 51 37 67 70 65 76 25 95 32 42 85 18 47 26 21 71 57 14 94 13 44 64 30 80 31 44 90 47 90 99 38 25 54 82 50 85 68 95 69 40 39 98 43 6 54 27 95 88 5 11 57 85 68 19 27 12 17 54 55 38 18 16 46 29 69 12 56 92 59 
40 96 50 91 34 24 78 92 28 100 30 7 21 85 90 51 72 85 10 2 87 97 88 66 78 4 15 58 82 20 11 79 71 31 65 33 45 93 7 59 22 40 28 78 35 9 73 94 94 100 40 75 50 42 67 11 27 80 28 47 91 82 61 27 56 1 2 8 44 57 72 57 2 17 64 86 45 62 32 3 47 1 30 4 25 23 18 33 37 19 1 27 65 24 50 92 36 62 10 61 87 69 20 22 89 39 43 16 28 20 80 33 83 63 18 62 49 86 81 29 78 66 23 60 48 67 20 24 71 
40 87 37 89 43 71 3 3 3 39 44 44 67 83 98 2 43 99 21 8 31 57 61 69 9 97 46 31 58 16 13 96 46 59 3 79 85 35 38 96 39 6 14 5 87 55 99 56 9 85 81 66 5 62 3 48 36 64 95 9 66 93 98 98 20 14 29 40 70 11 74 58 59 35 21 69 2 96 15 94 100 35 52 8 99 32 57 88 10 96 50 100 60 34 55 6 3 87 39 43 23 35 15 26 2 36 98 13 54 16 10 95 86 68 42 37 26 57 23 10 2 66 38 97 52 65 30 86 27 21 
2 74 53 49 92 96 30 25 17 97 55 63 70 79 4 80 73 26 72 14 48 39 78 45 60 14 38 90 2 36 28 72 11 43 40 87 22 99 50 62 77 78 47 58 70 58 78 53 88 60 84 33 93 10 4 83 59 83 4 25 15 3 23 7 28 61 85 64 47 85 31 82 41 65 86 8 1 58 39 83 65 58 16 73 70 50 49 95 51 32 38 39 31 55 71 18 3 100 38 3 80 90 45 26 81 35 12 94 94 69 11 25 54 46 99 1 9 41 29 61 2 29 48 38 14 74 47 54 48 90 70 
71 75 93 93 97 4 41 53 41 10 25 42 13 72 89 31 72 4 58 100 51 57 61 24 30 86 72 84 63 4 53 75 31 16 2 66 43 51 54 84 58 58 16 32 20 26 7 59 42 54 84 48 85 47 77 48 55 98 36 58 24 39 23 22 7 62 33 72 63 89 16 29 1 60 69 29 95 12 95 17 31 2 61 66 81 56 62 90 97 75 50 5 20 21 40 78 67 25 87 31 78 69 23 15 75 28 84 65 33 52 2 59 45 29 95 1 48 35 37 33 88 28 80 49 49 37 88 97 74 29 13 27 
99 96 21 38 51 66 77 19 88 65 46 72 13 100 18 26 84 79 35 23 69 92 47 49 45 6 72 32 33 15 61 47 36 50 80 81 96 76 20 96 89 39 7 7 16 16 64 77 24 99 68 39 50 64 30 41 46 66 100 52 80 2 64 48 88 68 6 26 50 27 18 4 3 24 27 30 84 48 8 29 82 34 23 70 90 23 35 77 74 35 16 52 51 24 82 54 51 55 46 69 8 92 8 13 29 27 8 89 21 50 10 2 57 74 69 73 93 64 87 69 60 45 45 33 100 99 71 90 77 24 18 1 19 
24 98 47 80 17 13 28 75 11 92 74 70 86 26 8 8 3 5 3 91 6 67 24 40 55 84 11 74 11 22 20 3 47 22 61 41 69 76 76 59 10 35 27 18 98 41 18 15 96 33 92 27 60 35 88 48 64 35 69 46 48 96 34 28 23 3 31 63 49 2 74 52 52 33 56 28 20 13 82 63 28 93 31 69 59 41 42 44 50 88 70 87 75 35 33 48 21 68 45 45 73 45 14 78 74 60 43 22 55 21 66 97 29 77 83 19 56 64 50 80 98 5 91 1 5 16 29 27 5 27 45 47 15 98 
27 37 62 35 28 91 24 31 33 90 93 94 37 6 99 83 49 20 39 54 5 99 16 66 17 1 84 8 19 23 35 63 55 14 46 85 80 35 68 42 51 70 70 93 28 8 72 50 81 54 33 12 52 49 35 73 25 38 91 65 50 6 78 23 45 46 79 49 73 42 25 11 31 25 26 11 75 71 12 59 62 13 37 52 21 16 95 8 78 83 83 9 77 5 58 15 43 3 78 77 29 24 47 29 13 100 1 4 66 83 39 29 94 16 17 64 34 11 88 95 37 72 21 76 63 47 73 95 42 63 50 66 69 81 35 
28 88 72 14 48 78 41 80 35 19 79 74 66 14 72 88 99 71 28 78 64 86 60 63 17 47 22 67 16 14 64 47 11 93 93 80 27 92 70 74 30 78 47 15 95 16 53 89 82 89 76 39 99 28 11 14 20 26 52 60 6 77 17 10 46 9 6 68 8 8 87 26 75 98 56 57 93 23 75 100 93 38 20 36 6 13 99 46 53 12 65 31 11 33 91 74 3 82 37 82 10 53 87 46 4 38 73 64 26 76 4 33 72 6 91 85 30 61 67 41 28 13 28 15 96 87 82 42 83 46 17 43 81 2 81 26 
14 7 43 28 42 69 23 21 61 88 34 82 69 87 11 1 56 45 82 53 18 86 83 66 17 2 51 98 100 94 70 70 57 4 66 58 49 59 78 15 31 59 91 26 9 46 15 26 39 36 78 61 26 40 98 1 67 30 11 49 22 21 26 22 56 2 30 14 76 91 2 13 30 63 59 57 27 1 65 67 14 62 10 71 1 59 91 60 14 87 83 33 13 53 65 13 41 28 54 35 63 52 44 40 4 24 14 15 27 100 85 13 99 54 7 3 11 11 38 63 13 5 64 7 78 12 69 36 62 80 2 15 43 44 52 32 96 
63 38 20 66 73 84 54 37 7 70 63 35 62 80 73 69 96 54 27 75 92 21 2 92 88 63 72 79 56 95 80 16 40 55 60 91 37 53 61 39 71 27 67 19 33 88 91 57 23 16 84 53 64 11 33 33 70 28 22 66 100 35 56 50 61 61 23 92 56 73 13 95 88 8 66 79 18 26 28 92 7 59 75 43 83 23 92 5 38 6 58 28 24 10 39 19 15 20 87 45 9 17 46 13 29 40 72 58 94 5 78 65 97 80 91 91 35 70 51 53 63 20 11 79 86 30 51 29 92 3 85 80 85 40 34 16 75 91 
53 54 67 94 41 99 39 77 40 78 41 59 33 86 77 4 95 29 42 86 31 21 56 52 52 21 69 74 71 6 43 39 56 46 53 55 27 6 12 36 17 20 95 49 47 70 91 50 66 14 68 72 15 86 57 100 9 42 82 98 5 89 78 99 35 29 60 63 21 69 12 10 3 85 27 13 46 59 31 12 6 85 18 28 56 63 84 59 87 56 99 35 27 37 82 97 81 9 54 79 90 8 5 2 46 78 9 96 79 30 60 58 93 10 11 92 71 1 54 99 65 16 48 63 69 57 60 73 4 70 39 15 26 37 20 67 93 28 92 
38 21 75 26 26 32 79 79 65 14 4 2 95 42 75 59 42 52 16 53 92 32 2 80 61 69 37 69 80 71 45 14 54 33 73 91 80 94 79 37 54 17 40 98 39 52 2 40 84 42 43 54 90 50 100 26 93 43 65 68 61 63 65 99 42 82 24 35 83 55 57 30 89 96 79 9 88 76 96 62 17 87 39 22 88 61 85 58 15 10 10 69 1 11 15 92 83 81 67 14 48 31 30 76 26 63 4 98 98 14 3 24 84 36 3 76 16 26 32 52 48 6 76 80 57 86 81 64 41 46 56 64 8 35 28 62 47 69 64 29 
30 65 33 60 19 89 51 50 51 4 64 10 57 41 74 82 43 44 85 63 88 58 24 87 73 99 5 22 76 15 59 18 75 10 80 8 85 72 53 17 34 77 56 31 89 77 9 93 52 95 24 91 47 9 23 98 58 78 37 73 7 43 10 84 27 84 99 99 55 49 65 87 95 73 79 24 99 20 39 37 50 18 18 70 52 44 62 91 49 13 69 52 75 48 62 26 43 70 89 1 8 62 41 68 20 21 29 34 74 90 36 98 65 92 52 21 84 60 90 74 7 55 43 9 43 72 64 38 1 53 93 59 52 52 13 72 90 31 42 49 53 
48 89 81 25 37 13 73 29 1 7 24 95 80 93 69 38 45 15 94 36 45 27 39 30 20 74 56 51 55 34 98 87 17 45 48 20 64 1 16 36 42 62 76 73 76 89 13 84 43 73 85 78 12 5 44 45 90 92 82 83 98 27 83 56 52 36 49 29 73 11 74 21 54 7 67 77 26 63 26 42 97 37 98 25 54 93 14 55 37 6 70 49 53 20 49 20 44 38 58 78 48 84 76 93 99 94 89 71 40 56 36 33 73 70 38 9 69 61 95 94 84 23 7 45 88 47 66 14 90 10 40 48 20 66 10 11 2 77 23 55 57 30 
72 74 52 8 36 16 4 5 8 49 76 26 87 4 79 99 70 63 79 92 10 88 62 54 3 25 23 40 69 91 92 5 86 46 29 11 59 37 30 48 57 90 73 99 30 9 100 31 44 22 80 84 74 46 83 98 91 55 12 68 22 84 86 6 63 35 23 47 85 47 22 92 97 16 43 94 63 12 32 24 87 68 99 40 59 60 99 98 85 69 6 47 86 54 95 60 15 92 3 93 61 20 6 78 1 45 69 36 42 76 6 7 52 28 32 40 26 69 24 60 53 44 83 11 27 86 87 65 13 24 71 69 2 66 77 54 18 63 55 35 14 49 67 
45 51 54 21 99 37 1 87 12 40 57 91 86 79 70 88 32 57 36 39 60 53 25 89 37 24 46 58 1 74 9 51 35 90 46 48 14 33 26 70 34 61 90 46 12 8 73 2 35 6 38 23 10 32 96 29 19 95 44 86 38 31 46 19 21 63 18 8 69 25 97 96 10 66 2 39 26 31 98 11 66 60 18 50 53 49 67 20 91 46 1 70 72 59 100 64 55 71 94 20 61 89 92 64 16 74 90 50 78 42 9 4 37 19 6 97 54 3 38 43 47 94 2 57 99 49 72 38 40 64 85 19 88 6 34 96 19 42 37 43 29 76 45 8 
46 33 16 40 44 6 30 55 14 9 29 51 67 98 2 10 2 84 14 85 21 40 69 13 45 89 37 29 64 67 5 89 15 15 75 20 73 56 42 11 10 24 66 87 64 72 65 84 48 94 88 20 4 40 72 86 7 44 42 79 19 2 2 74 48 11 1 43 39 35 79 24 31 29 83 91 26 96 1 20 39 38 86 45 99 99 24 73 76 36 49 59 65 61 21 56 61 49 29 91 22 85 85 19 67 86 36 81 53 83 42 98 35 97 40 81 77 41 11 45 62 21 91 17 47 93 68 44 12 88 71 24 17 24 21 61 45 98 59 80 58 61 6 95 36 
49 48 47 9 3 53 24 73 80 47 78 94 45 59 35 53 45 42 69 39 8 72 54 76 74 38 72 60 65 61 83 27 74 65 54 93 32 17 66 13 38 63 58 52 21 12 62 8 49 33 12 18 21 56 95 49 14 4 41 21 31 21 70 80 62 78 40 98 47 90 70 61 87 100 45 47 7 54 50 85 50 89 55 67 59 58 79 67 41 75 3 72 19 46 66 20 6 66 88 21 81 52 92 43 39 8 83 28 90 67 38 35 23 94 74 93 54 14 30 13 50 15 61 86 43 42 95 17 39 84 94 7 73 26 24 68 16 3 86 76 5 41 93 42 16 70 
1 51 32 90 47 60 37 38 39 58 73 19 25 3 42 48 68 31 30 42 85 53 78 55 81 57 40 94 37 73 31 35 68 42 33 59 47 65 65 39 40 40 66 58 34 81 94 99 89 17 16 74 42 45 25 15 80 17 38 59 76 50 95 53 100 84 32 33 100 86 83 63 85 26 5 30 20 9 87 51 96 50 74 99 44 19 86 90 98 73 59 86 10 7 45 25 98 61 99 29 48 84 74 89 81 96 61 57 92 53 28 74 54 6 84 18 96 8 90 79 54 71 51 12 87 100 36 94 57 40 32 76 5 9 77 55 48 84 77 22 21 84 59 58 63 74 3 
19 47 3 6 27 67 86 33 14 48 56 10 88 78 67 46 5 59 21 21 39 57 59 75 12 24 64 71 91 81 19 92 51 38 93 95 4 8 75 54 80 71 34 16 71 21 90 55 10 66 48 42 8 27 42 31 11 40 47 2 13 20 20 84 56 50 21 25 83 1 62 88 99 12 87 92 71 39 83 36 30 77 80 43 78 81 15 38 79 16 38 88 7 88 30 58 53 71 14 58 65 97 94 100 3 80 11 80 53 94 47 76 61 35 87 88 18 17 15 13 85 40 79 57 4 95 33 85 89 50 76 16 67 47 61 5 9 11 14 97 95 76 57 16 50 13 79 4 
25 87 60 39 3 8 80 92 94 88 99 100 45 68 84 99 86 69 84 69 85 65 93 29 67 46 97 9 96 39 27 36 56 55 59 92 16 22 83 89 88 62 74 15 15 22 65 49 13 31 54 34 37 43 63 17 79 6 17 51 15 15 66 84 26 41 44 19 2 94 87 6 34 94 12 7 31 45 32 63 99 100 19 13 47 48 53 15 79 76 49 6 49 97 19 19 12 1 67 74 51 19 36 77 63 67 64 28 95 18 4 49 51 14 64 60 65 22 15 80 55 19 6 76 80 65 36 66 92 49 26 94 96 58 46 20 69 33 22 12 53 56 12 41 42 83 29 57 67 
58 58 100 86 100 53 99 78 94 91 39 65 45 20 58 23 36 65 98 56 37 29 54 86 94 58 79 45 35 82 93 98 68 79 65 28 54 16 49 82 53 89 78 92 16 58 84 21 60 14 18 47 13 35 82 61 81 15 68 93 46 83 73 70 81 35 67 77 66 56 33 37 41 4 84 32 33 62 81 17 91 21 4 92 72 33 54 14 92 81 67 30 20 78 43 24 59 29 27 69 51 84 16 64 74 41 7 98 15 86 40 10 69 80 36 54 66 49 88 74 69 94 61 36 96 31 71 14 54 59 6 40 11 59 72 5 16 90 7 41 63 92 70 86 47 14 68 49 12 65 
45 20 18 13 58 10 50 91 34 62 26 41 61 34 38 50 28 41 18 11 92 56 67 48 69 72 73 27 39 69 96 56 11 95 90 35 22 90 3 45 44 47 15 39 80 50 100 21 75 18 73 98 98 3 51 14 76 22 49 34 21 33 11 100 85 47 41 66 57 14 70 54 19 59 22 21 61 97 20 34 12 46 47 23 41 18 68 84 36 95 13 59 18 47 82 33 2 24 94 48 77 67 60 37 52 38 88 51 35 31 38 93 58 46 83 53 14 77 41 11 68 56 88 7 77 44 34 31 82 5 65 77 90 41 15 57 94 11 42 53 61 85 46 28 22 67 68 48 100 96 41 
73 34 17 54 44 41 73 67 14 79 50 13 70 26 24 21 4 36 79 87 64 82 73 58 2 53 95 13 81 41 90 9 9 56 13 45 92 22 14 59 72 97 59 11 64 100 28 29 3 67 5 89 64 58 95 6 14 28 94 96 27 24 89 31 56 55 45 22 75 52 14 58 63 71 50 93 88 87 67 37 87 51 49 18 40 15 82 92 34 34 100 4 69 94 1 79 94 15 2 39 87 32 63 76 53 74 36 90 23 1 77 46 29 21 93 44 68 67 32 4 25 1 67 11 81 14 17 10 93 86 59 9 40 83 10 39 44 82 47 72 98 5 31 59 6 74 48 21 71 100 24 23 
73 99 12 6 38 19 90 21 97 38 30 47 47 72 23 42 57 38 54 20 100 55 86 39 20 59 74 50 59 70 30 32 26 49 58 35 62 64 85 6 41 11 84 5 76 61 94 5 83 10 98 81 34 35 75 77 78 95 4 41 7 71 11 81 61 1 27 31 52 26 78 50 37 80 53 38 50 60 42 10 73 16 38 12 22 39 54 6 35 85 31 66 87 42 42 55 36 52 74 21 19 1 15 23 81 31 19 32 21 42 16 28 31 9 11 84 81 89 52 43 56 89 42 81 90 44 38 22 60 94 60 66 12 2 24 97 91 76 64 50 96 50 94 11 12 13 90 19 73 47 47 64 14 
23 23 42 13 38 18 88 5 44 76 33 82 1 53 7 30 35 6 41 4 21 80 7 96 73 79 76 15 44 23 82 73 67 27 5 65 30 3 96 86 30 11 54 84 66 41 73 65 64 26 44 68 31 34 87 71 91 64 17 53 51 86 45 52 73 46 58 78 8 22 4 21 36 54 54 75 9 90 22 81 12 13 15 14 85 23 99 53 7 96 76 23 95 88 36 12 71 28 59 3 86 72 1 90 79 24 76 10 17 51 88 70 8 60 15 63 69 96 95 25 30 97 34 38 42 30 45 86 88 46 13 35 60 91 1 79 9 9 79 98 69 55 18 34 4 99 29 59 91 84 26 73 24 94 
49 11 51 46 29 68 47 59 59 21 78 72 51 88 38 58 27 83 98 65 51 53 46 41 92 3 44 1 3 43 49 31 95 2 67 24 3 1 92 44 16 15 98 71 69 28 85 1 65 69 13 70 22 64 30 67 91 54 83 63 40 41 75 21 9 24 91 54 14 74 80 73 94 25 32 62 27 88 14 6 83 49 26 97 50 32 2 78 36 54 95 90 51 81 25 23 44 5 96 32 18 4 73 50 26 94 84 14 32 63 22 91 75 41 75 86 66 68 49 33 37 21 34 27 75 92 90 78 69 44 72 4 45 14 86 14 74 70 30 11 61 72 17 8 62 99 35 52 24 91 76 61 67 15 93 
72 28 28 67 29 12 95 51 64 25 2 16 25 44 23 71 14 1 58 40 4 85 25 63 30 53 38 59 98 39 65 50 60 100 39 31 89 9 11 83 85 16 14 28 12 49 35 26 12 8 40 38 12 90 82 35 93 91 68 57 84 94 7 47 40 17 50 43 32 80 17 36 68 43 14 14 39 49 37 58 59 28 40 82 50 23 94 94 83 87 72 22 20 79 9 21 6 48 76 30 95 89 82 74 35 83 51 74 34 92 20 2 74 50 23 86 18 86 21 21 18 74 33 38 91 73 56 63 97 50 15 14 28 67 71 36 100 12 84 71 88 35 81 77 41 6 68 52 60 65 90 84 10 39 15 48 
50 18 52 75 40 85 77 40 65 86 85 53 63 91 57 25 22 11 77 90 97 37 84 97 34 85 90 15 65 57 9 6 75 55 26 2 55 98 17 3 80 37 52 92 42 12 66 70 66 89 21 8 5 59 56 72 29 69 18 98 92 4 9 54 16 69 36 65 79 85 83 86 4 39 23 86 42 2 22 25 20 86 63 52 91 63 72 12 64 1 66 77 80 7 65 92 64 56 33 39 8 60 47 25 93 87 64 11 13 88 52 75 85 63 25 68 73 76 52 74 99 94 11 73 83 28 10 48 66 26 70 11 6 99 43 64 48 56 57 68 5 75 39 30 49 31 25 58 79 88 33 27 8 78 76 27 16 
17 95 32 15 64 16 7 34 88 67 68 67 55 38 70 64 91 77 81 99 42 56 86 37 83 70 46 22 66 100 84 86 35 89 41 95 89 46 34 84 13 50 80 30 77 72 3 69 72 13 43 85 87 5 34 22 39 59 12 63 100 90 85 81 78 47 16 53 60 99 27 18 1 39 16 3 26 60 82 7 39 84 60 50 60 31 49 37 58 30 24 12 77 95 54 77 96 43 12 57 95 42 56 65 20 65 87 46 50 4 27 9 18 40 46 32 23 15 29 54 55 36 1 58 1 6 82 79 59 4 40 48 70 36 88 71 20 37 45 46 57 5 36 19 96 24 76 67 5 3 3 21 25 17 73 95 12 99 
41 1 61 33 36 28 85 61 100 59 79 92 48 18 13 84 5 80 68 43 87 77 97 92 14 58 51 5 3 70 87 72 57 99 51 79 74 97 75 40 56 57 81 50 62 31 41 10 99 7 66 4 61 55 58 33 51 77 67 11 13 76 74 14 29 21 46 40 90 3 96 35 49 24 49 63 30 54 86 28 26 26 48 88 87 97 31 79 100 18 83 96 36 63 71 68 94 44 89 4 80 6 21 98 54 88 52 16 75 8 7 48 20 61 41 14 74 96 52 49 27 21 34 64 30 77 30 65 56 16 19 48 85 42 86 4 23 69 11 64 81 82 72 50 36 88 21 67 16 15 77 74 25 52 55 5 48 11 98 
100 1 31 64 59 56 46 47 52 97 38 50 18 98 2 92 31 49 58 70 34 25 43 32 9 12 17 61 78 7 54 40 2 12 15 8 8 21 3 43 59 65 71 46 2 44 18 70 43 74 94 87 76 76 4 78 31 68 36 79 1 66 41 38 45 13 47 64 100 50 78 82 4 46 94 69 44 64 14 32 18 92 36 77 83 34 77 26 65 62 99 11 7 60 79 31 68 11 56 9 7 65 48 43 23 33 32 17 92 78 53 88 58 68 67 10 33 58 3 63 86 78 34 30 91 3 91 87 77 13 97 62 20 64 34 41 17 51 81 73 41 18 75 1 83 77 24 68 6 69 12 61 56 44 85 24 59 9 73 73 
5 95 55 11 54 84 7 2 64 30 15 18 92 39 23 52 36 63 55 17 67 82 47 30 16 56 11 78 31 19 59 62 55 2 46 2 49 55 81 25 77 45 100 98 6 56 30 57 76 62 48 61 95 97 95 45 44 59 36 54 96 69 97 2 87 29 85 29 50 20 53 27 99 43 87 15 32 62 11 81 16 96 72 80 14 71 79 48 52 96 2 11 84 20 35 7 7 25 3 48 85 73 23 70 57 60 49 6 8 8 74 83 49 13 19 95 15 55 91 10 24 26 53 44 68 4 35 82 75 13 19 10 76 59 69 55 77 14 62 73 89 66 25 3 10 2 7 29 98 40 13 48 85 79 10 25 56 59 45 82 11 
31 87 64 54 44 46 8 7 4 14 70 87 6 25 37 83 95 88 1 1 52 89 62 52 46 59 21 23 98 35 94 35 3 23 13 59 46 13 9 80 42 52 45 41 40 41 53 91 61 39 84 28 83 71 100 56 37 80 27 83 54 99 14 71 46 98 85 61 62 4 47 34 12 99 3 35 24 83 96 74 93 64 50 5 83 51 43 75 19 95 89 11 20 45 97 23 75 11 95 61 51 56 99 5 65 31 74 37 18 80 44 13 67 88 2 76 72 67 38 85 71 43 90 44 77 85 1 28 64 39 86 54 69 18 18 88 35 18 82 27 75 90 75 32 56 70 82 89 50 20 24 95 3 85 16 40 79 90 14 14 78 85 
33 100 83 65 32 43 25 50 45 75 29 29 17 62 47 55 83 31 8 91 81 70 94 50 48 67 17 74 97 41 52 21 60 63 23 66 47 6 68 20 81 25 61 19 37 69 84 25 67 75 15 19 86 37 73 18 87 5 49 81 47 14 36 99 14 99 20 20 96 56 33 44 4 89 14 59 99 96 66 71 29 8 57 37 66 1 89 26 21 15 36 72 10 24 17 7 57 49 15 3 10 12 92 43 31 26 20 97 7 17 99 32 53 67 3 20 57 79 83 12 69 60 76 70 2 89 23 14 68 90 27 37 16 68 44 7 44 85 35 51 62 89 75 3 76 48 17 48 18 96 72 51 47 14 80 93 82 49 23 37 63 75 72 
13 27 70 92 31 72 85 74 69 34 27 91 7 18 64 82 42 13 77 9 86 6 85 74 12 18 49 77 62 84 27 67 23 59 10 61 56 72 45 16 9 88 13 92 4 30 22 48 93 77 90 9 14 44 51 84 4 78 31 70 48 52 49 5 42 49 17 68 34 17 68 23 76 41 2 20 54 19 75 57 87 6 15 55 57 91 89 44 36 71 23 16 54 26 41 61 43 72 94 74 24 39 63 11 82 15 54 47 55 41 87 97 43 74 49 75 17 12 51 52 75 39 40 31 32 33 94 7 40 96 42 27 7 29 96 21 72 79 37 24 44 27 82 62 15 59 3 4 59 50 9 2 61 35 79 92 75 57 13 63 65 36 94 47 
65 87 26 81 62 75 6 2 69 46 50 19 56 14 28 15 93 91 28 57 44 67 82 9 32 48 76 31 22 10 35 22 100 33 62 95 27 35 81 5 37 52 23 49 78 7 89 95 2 48 7 82 18 91 96 62 73 23 26 19 26 89 63 29 79 1 27 93 77 79 9 82 7 70 79 8 64 47 57 77 74 93 83 8 74 59 74 69 25 48 98 3 1 63 33 74 51 13 57 56 10 77 25 72 18 20 17 27 79 33 40 48 99 10 33 30 1 40 91 54 46 96 14 72 27 29 29 16 55 84 48 26 44 62 33 43 47 63 18 40 77 19 91 19 93 48 65 41 41 81 76 58 58 8 34 74 15 85 20 62 83 90 2 78 65 
16 26 67 45 75 24 95 94 30 55 36 64 64 52 57 10 55 72 43 55 89 52 10 84 62 82 38 27 61 20 31 43 21 36 42 57 98 24 13 43 60 17 58 19 29 34 51 25 61 37 68 17 64 5 63 32 63 56 34 26 46 98 16 68 5 58 49 65 38 5 6 87 73 61 16 90 14 94 83 26 18 48 23 95 10 86 12 27 73 81 45 64 53 7 65 87 67 90 73 4 68 44 54 45 16 39 82 43 64 14 41 37 33 53 52 88 47 68 94 63 73 10 84 66 32 63 11 10 32 42 86 70 94 100 78 93 85 85 94 95 60 51 18 38 88 74 45 78 67 95 73 31 64 89 88 51 84 28 47 67 47 77 86 60 77 96 
71 1 67 41 22 87 85 93 60 82 34 57 46 31 52 29 16 97 33 16 22 92 50 91 45 6 97 48 19 36 9 17 69 18 4 75 13 5 11 27 33 20 1 29 90 97 63 53 83 67 15 54 74 57 50 64 8 38 90 83 76 89 18 91 43 100 79 24 1 25 89 88 49 7 70 65 12 65 73 39 47 30 27 9 63 9 17 94 26 6 72 9 89 7 11 35 35 11 61 82 50 17 61 31 44 4 19 61 78 92 95 47 79 87 80 23 80 25 23 33 69 44 60 57 61 70 29 49 98 22 98 78 93 49 71 35 13 75 77 69 92 33 60 39 32 12 61 41 14 79 66 12 45 27 68 75 13 24 18 52 20 75 78 78 54 83 38 
47 40 47 20 100 73 6 22 26 32 56 5 93 49 47 14 89 90 39 18 64 41 34 97 79 16 89 84 96 36 65 30 29 47 3 99 68 91 79 4 59 98 68 72 32 26 89 92 66 20 65 94 66 66 19 13 49 7 89 52 28 13 96 41 26 6 74 64 64 84 83 58 85 80 38 22 6 5 21 52 15 48 42 31 72 63 42 84 65 27 37 80 17 26 76 13 75 91 57 97 91 92 5 80 88 85 69 34 81 85 60 80 50 12 20 47 54 81 31 71 89 46 11 33 4 90 4 90 63 92 27 8 73 13 28 11 23 85 23 16 13 75 93 26 74 23 70 31 74 99 69 36 59 21 62 65 59 68 47 72 28 20 49 62 41 25 29 89 
65 88 74 94 26 39 52 62 73 30 23 77 37 32 90 73 78 53 93 48 90 77 72 47 37 46 35 78 77 27 2 77 98 1 10 9 10 89 47 72 74 52 57 62 23 13 11 64 46 96 20 60 22 28 12 55 29 5 60 78 26 60 67 14 17 2 12 37 11 4 34 69 5 32 61 53 44 14 89 48 28 27 62 38 29 26 61 83 68 6 55 44 85 78 2 10 34 26 7 20 75 78 13 97 69 18 54 61 30 93 80 56 25 52 49 18 3 48 72 78 52 88 62 77 29 51 15 26 50 59 69 16 36 14 72 60 19 21 18 30 18 83 8 46 62 36 59 26 94 54 28 18 41 40 7 92 5 80 65 15 72 40 61 75 48 52 54 65 68 
78 2 57 58 35 72 97 36 14 67 68 40 17 36 65 79 26 32 66 8 78 53 26 31 60 46 30 26 97 75 9 7 3 8 48 95 3 4 50 40 8 90 46 98 75 82 81 85 35 30 31 26 99 35 48 14 16 71 93 10 91 56 44 50 54 24 87 97 1 55 93 66 28 51 11 2 58 95 43 29 45 78 86 29 91 30 67 91 81 18 25 90 1 100 66 92 88 42 66 60 1 22 61 84 35 8 48 8 60 92 9 51 79 98 64 97 22 39 73 57 42 29 77 54 59 95 2 70 6 17 9 27 2 73 82 39 56 53 80 93 67 39 44 55 92 29 62 3 39 11 5 45 57 81 50 46 31 6 56 9 75 74 86 10 85 12 82 40 33 19 
62 78 24 36 89 80 48 81 64 79 39 48 10 73 66 79 24 100 47 72 82 25 18 35 46 65 57 16 91 96 71 3 22 50 3 49 6 50 89 2 82 83 45 56 71 73 58 83 38 35 23 98 86 32 90 24 89 55 65 54 8 44 21 88 94 2 99 43 59 68 10 62 10 24 71 6 46 30 96 46 72 85 67 44 35 44 95 37 21 55 35 21 45 81 36 36 32 10 40 95 69 93 97 35 34 38 35 60 60 68 34 45 35 18 94 98 93 77 45 70 22 35 59 20 14 83 72 33 62 95 14 65 12 94 71 27 17 43 80 42 60 28 18 87 71 69 80 11 36 21 7 91 17 95 52 46 89 33 83 50 87 5 72 55 13 1 15 46 14 47 3 
45 41 78 71 80 21 45 28 60 27 18 39 70 56 85 9 33 83 7 91 81 56 35 9 3 15 54 42 98 63 51 52 98 32 6 10 81 14 78 25 41 36 15 90 36 53 93 83 76 27 33 2 58 76 28 17 72 50 43 34 4 74 43 71 97 48 12 55 31 62 64 3 18 28 46 97 45 70 94 69 92 33 98 1 44 49 18 82 57 69 39 44 52 8 14 69 20 71 80 97 40 22 15 24 37 6 79 66 67 69 93 10 7 72 59 68 97 51 68 51 89 4 71 3 66 46 93 4 89 26 38 10 58 100 33 87 4 79 99 60 99 68 49 8 5 33 82 60 8 65 96 100 27 38 18 63 68 78 30 89 91 29 88 82 4 35 42 35 29 51 42 25 
1 23 54 35 63 66 54 63 50 100 55 14 24 19 23 99 91 95 81 22 45 63 50 66 37 15 83 42 39 67 50 98 98 98 75 43 86 66 70 27 85 58 96 50 7 2 72 8 91 28 75 14 95 82 36 48 93 24 86 20 36 68 78 95 76 65 97 13 47 62 31 74 46 82 75 77 24 7 22 65 54 70 92 96 65 33 44 77 50 84 6 38 19 12 100 20 62 36 6 86 15 77 74 99 91 21 84 87 59 83 28 8 14 60 68 72 5 15 67 69 57 62 27 57 22 19 20 70 59 77 33 13 21 44 42 10 5 54 90 30 24 25 11 3 2 74 99 28 37 27 84 64 27 24 76 69 4 3 62 77 51 80 42 36 32 51 19 88 13 95 70 73 63 
38 26 34 3 86 17 80 28 92 3 57 34 36 99 66 72 92 92 55 91 47 91 18 96 26 70 97 75 1 42 94 80 98 14 19 45 39 9 50 11 83 49 96 75 35 71 42 29 68 90 89 46 48 17 68 50 83 58 30 94 71 56 94 34 30 22 76 71 11 90 34 41 2 46 86 32 90 46 66 9 85 23 92 30 69 56 98 54 94 24 33 81 91 19 53 96 63 64 41 89 34 74 75 17 11 62 33 57 28 39 83 47 97 8 39 24 20 28 76 28 66 61 33 29 66 83 79 23 19 44 11 93 12 40 20 43 92 15 94 55 61 89 95 5 42 36 27 32 59 61 15 87 41 36 4 3 83 67 74 78 17 19 77 43 88 84 47 8 91 32 21 93 15 20 
41 6 64 20 89 63 1 5 43 26 35 16 27 53 92 83 79 95 74 52 60 3 39 58 22 67 10 94 91 72 74 87 58 93 24 61 41 13 88 36 96 48 43 68 39 59 51 46 53 45 48 25 49 18 2 88 92 83 80 82 38 5 79 40 12 3 91 4 21 16 1 56 98 70 15 23 55 84 42 88 67 28 65 59 72 51 27 63 32 89 19 47 7 81 33 20 89 37 27 73 59 16 85 19 91 91 21 19 42 53 92 3 22 60 56 97 24 10 55 99 68 29 62 21 53 15 99 64 43 80 7 61 30 93 18 6 8 59 82 38 86 21 99 52 10 49 85 68 93 67 91 19 39 64 61 54 28 22 60 83 95 33 92 64 27 66 27 96 99 87 41 28 86 97 89 
27 54 56 51 5 3 55 19 34 77 100 82 68 3 32 82 31 92 34 70 44 5 21 87 6 58 76 43 32 41 62 50 69 42 28 35 79 60 34 25 38 55 42 69 18 75 74 54 79 89 76 81 73 74 52 42 84 99 67 11 41 2 88 81 31 51 77 67 12 16 89 84 89 55 51 76 12 85 85 27 44 85 68 100 51 42 55 68 79 33 13 8 58 23 30 18 41 41 41 93 39 38 60 59 64 10 40 67 47 68 19 90 99 29 93 18 62 88 17 81 28 47 5 8 69 12 73 84 33 78 65 29 83 15 70 45 90 45 2 3 27 87 70 29 59 95 35 37 79 25 100 35 17 58 17 59 87 36 50 99 55 7 21 3 86 50 72 70 80 18 42 55 91 86 7 45 
44 3 57 1 67 20 24 46 30 26 96 70 36 14 30 91 1 21 47 38 12 22 98 89 46 85 32 5 2 19 39 6 87 44 33 58 70 74 93 12 29 62 58 29 51 79 6 52 66 15 84 44 70 29 57 37 9 52 96 59 29 100 73 33 82 89 75 17 47 67 97 4 38 41 18 68 69 31 12 95 30 7 64 4 51 46 78 76 3 79 79 62 44 41 22 84 3 82 82 57 28 59 20 50 68 55 44 24 57 63 38 39 72 51 48 81 75 50 53 46 37 6 27 17 10 75 60 52 11 98 55 89 98 40 96 87 47 75 23 13 6 2 30 82 49 40 72 49 70 91 36 92 37 98 51 27 83 54 29 97 91 81 26 51 73 41 74 81 53 99 61 27 36 60 57 24 43 
18 13 27 5 73 75 56 68 80 70 64 74 98 30 77 17 44 23 45 48 100 9 65 79 56 12 21 27 4 59 86 89 25 51 57 20 2 31 66 22 12 63 68 78 76 70 12 9 69 76 55 33 84 27 79 35 10 55 43 93 57 16 10 34 34 11 88 89 85 45 11 67 72 12 65 73 38 1 19 50 59 65 12 93 24 8 73 39 44 13 27 56 73 48 16 77 56 55 80 27 84 13 45 50 23 38 50 18 65 11 33 17 37 81 78 61 90 69 13 99 48 9 22 14 75 2 35 76 1 86 88 67 47 42 56 67 81 42 11 97 98 36 76 60 80 53 69 86 28 20 59 2 73 26 42 42 86 60 85 24 6 72 29 77 33 61 57 65 49 26 72 14 19 2 9 48 62 39 
6 48 33 52 45 19 45 60 25 51 83 55 75 100 20 48 59 43 77 62 22 17 78 29 76 91 41 42 28 71 93 35 11 42 76 1 53 47 25 2 57 57 15 9 57 12 43 42 73 59 67 26 6 35 69 23 33 3 56 89 2 62 76 57 53 34 93 39 75 56 44 29 97 10 75 63 26 83 64 16 19 63 63 64 56 8 77 4 20 33 83 39 35 78 43 67 38 8 24 33 55 18 24 82 82 78 34 21 41 46 21 14 33 87 83 79 66 15 2 61 13 22 72 77 94 88 48 51 96 81 27 54 72 78 63 56 21 12 97 76 8 82 90 27 42 53 33 33 39 56 23 80 79 74 49 69 10 41 61 36 82 56 17 77 37 55 29 46 29 64 26 34 50 35 12 57 38 95 9 
61 58 97 59 6 49 4 71 62 34 17 21 69 30 74 33 16 55 12 92 65 92 99 56 73 71 92 82 39 56 35 61 31 100 45 85 83 61 90 40 49 46 85 65 98 36 14 63 90 65 62 93 19 33 22 68 71 50 7 53 34 5 31 44 80 54 88 66 37 92 21 91 91 74 89 60 60 96 78 100 54 68 63 21 66 97 75 10 65 24 15 73 67 15 31 56 92 66 12 28 95 10 64 85 97 2 54 72 80 2 35 45 49 14 98 25 39 29 71 3 67 3 68 31 87 22 49 21 99 94 81 40 38 31 41 7 88 86 77 32 40 5 27 79 47 72 15 95 65 15 12 87 43 13 87 63 8 37 74 18 56 13 71 46 69 30 94 52 92 36 84 21 53 44 74 49 42 30 31 15 
32 47 87 80 7 86 66 12 47 50 85 63 8 89 37 13 5 77 94 81 34 16 53 6 59 6 67 44 37 77 91 78 21 14 21 51 82 64 85 51 43 45 55 17 68 54 79 27 79 13 82 47 81 89 75 2 25 56 85 72 76 61 2 13 56 34 28 7 30 34 72 26 24 80 32 44 90 79 92 49 54 89 85 7 28 84 81 48 100 69 3 81 80 84 80 42 72 81 98 16 9 3 16 18 22 12 91 93 71 2 49 66 65 3 68 7 91 46 80 53 92 21 41 37 48 59 53 67 50 1 46 94 4 13 59 75 74 79 43 48 57 26 34 36 50 2 13 39 76 36 4 39 99 24 64 10 48 74 7 52 91 50 99 59 67 41 85 31 78 50 98 23 20 36 55 27 42 57 93 98 88 
57 99 87 27 26 77 33 34 6 13 66 26 69 73 90 24 76 92 75 5 40 45 9 28 55 15 93 3 32 75 84 12 86 41 83 7 87 100 21 70 39 78 20 76 96 78 62 72 96 28 26 10 96 70 60 86 7 24 50 39 97 26 41 42 67 71 7 34 84 63 2 26 56 49 97 50 83 36 97 54 96 66 35 60 10 58 48 51 79 79 48 82 48 44 83 73 85 53 90 26 96 28 58 3 61 16 76 90 47 28 29 86 98 69 8 29 27 53 2 23 84 26 96 4 3 79 73 81 98 95 56 100 48 32 96 32 64 5 43 33 39 21 70 14 6 10 35 79 53 11 79 7 96 86 92 11 73 27 35 3 11 37 14 3 43 91 35 90 55 2 34 32 45 72 38 38 18 85 79 34 40 95 
52 14 72 53 88 29 44 13 8 28 34 2 67 5 91 27 22 67 11 76 20 33 61 42 61 70 29 66 84 54 31 2 70 21 25 81 39 75 82 27 80 94 3 54 82 44 39 47 31 23 59 50 60 38 82 28 97 60 59 56 75 36 16 57 45 19 64 67 35 3 11 58 28 39 18 94 3 16 89 41 18 46 62 23 30 47 68 70 64 16 48 91 38 64 37 12 100 15 28 92 14 15 90 92 91 15 6 11 13 93 97 97 15 98 86 42 66 15 70 68 82 90 36 24 95 27 11 60 4 60 98 36 2 24 15 39 2 19 38 57 48 48 35 66 23 92 58 59 69 72 85 94 76 68 60 43 63 22 99 34 31 16 9 14 25 19 87 81 25 27 62 41 72 92 43 73 64 43 91 67 29 49 48 
91 17 55 96 94 3 2 14 18 66 7 28 34 63 51 99 61 73 9 39 71 1 35 15 79 18 39 19 27 80 89 89 86 70 94 40 85 68 86 20 47 21 58 32 82 8 90 88 59 77 88 28 8 89 70 16 58 50 29 38 41 83 32 91 90 19 47 38 89 51 84 10 2 47 12 23 43 27 74 77 46 95 24 54 15 32 27 74 66 48 88 51 50 56 13 94 74 28 53 14 83 92 71 70 77 81 61 73 39 85 86 58 98 59 52 93 32 12 59 39 4 60 100 6 81 26 22 86 64 71 77 11 75 1 11 74 11 50 89 97 94 7 77 45 58 73 65 55 31 54 33 82 74 21 25 79 46 44 40 49 35 38 22 28 74 98 15 53 72 76 75 94 24 65 71 37 89 55 83 8 34 71 19 11 
26 52 71 78 5 1 24 7 1 77 21 7 6 92 50 97 93 54 36 99 56 88 17 61 27 73 53 66 51 1 67 39 42 60 87 4 92 8 9 29 57 29 92 4 69 90 32 66 79 100 9 31 33 28 68 95 81 86 100 20 49 54 21 40 58 8 55 3 40 87 70 82 92 82 17 87 69 34 13 62 48 80 9 55 76 69 15 26 8 20 88 35 61 37 85 9 25 63 89 94 57 25 81 42 95 49 17 87 27 52 53 78 34 82 48 38 82 91 80 14 90 13 49 66 72 96 20 7 57 2 13 88 96 65 98 3 5 60 52 88 69 33 74 25 27 53 85 75 21 16 26 5 4 10 96 22 56 22 68 17 15 100 86 63 25 20 100 10 41 53 7 23 31 96 12 14 20 28 34 32 16 28 64 8 63 
72 16 71 41 4 17 79 30 36 59 39 43 3 66 41 8 79 75 36 88 19 54 48 74 65 45 54 54 93 28 80 51 42 26 23 76 14 46 56 55 93 56 47 51 74 87 5 34 80 74 88 49 75 40 90 31 48 96 31 99 95 11 8 38 19 96 2 93 19 93 72 95 99 74 8 40 71 16 47 62 53 84 94 30 38 98 51 8 47 64 74 4 70 91 46 18 62 77 36 95 77 80 18 35 24 80 41 96 39 53 7 72 54 92 18 22 28 73 30 53 20 61 29 27 56 92 90 49 23 5 62 6 22 14 62 88 6 86 57 57 63 79 47 74 88 50 60 33 77 57 6 98 86 1 70 43 52 69 100 93 90 33 24 84 16 7 70 78 24 38 59 21 83 39 67 38 18 65 8 2 37 31 8 6 28 75 
73 36 66 51 86 59 22 71 89 6 4 49 56 19 18 8 48 80 7 92 16 8 44 11 72 64 82 95 83 82 70 90 87 7 25 67 65 86 65 46 92 64 76 66 39 70 79 82 60 36 75 95 33 57 95 4 83 52 27 68 61 62 15 39 38 52 24 8 59 28 92 56 88 39 11 58 100 8 47 83 5 37 12 52 52 44 53 92 95 52 46 76 35 25 16 62 67 65 90 46 59 22 87 48 37 4 87 28 2 95 46 85 61 50 5 10 79 65 2 64 17 21 21 55 69 13 66 42 49 21 77 34 84 86 37 16 30 91 2 55 98 54 90 100 84 8 43 69 53 29 96 43 36 16 68 28 54 51 12 48 38 34 48 9 75 81 49 64 23 7 46 96 77 25 13 48 95 41 25 7 1 49 90 68 95 82 61 
17 29 97 72 94 56 77 89 77 59 22 32 1 18 71 86 15 61 47 35 100 53 18 59 86 47 28 66 17 29 51 54 37 100 23 93 90 10 95 51 44 63 55 71 83 97 75 54 5 90 39 99 51 51 7 98 19 87 63 47 73 97 11 46 24 40 63 67 6 22 52 75 95 5 51 84 31 85 100 98 6 74 50 84 70 8 36 43 89 32 80 87 15 31 57 50 16 94 83 43 59 28 41 11 54 1 22 14 51 13 63 48 94 8 92 72 70 66 75 46 89 74 87 68 47 97 91 19 70 88 81 12 86 50 49 55 66 77 76 42 72 29 11 58 26 40 6 55 5 48 86 88 91 49 81 18 61 61 96 33 33 62 82 57 32 7 13 96 96 5 31 15 10 54 59 47 46 67 8 18 5 73 76 85 41 68 88 70 
35 35 71 73 46 72 3 67 40 5 57 48 18 6 71 48 81 89 31 62 30 88 78 94 30 21 24 17 61 64 15 61 88 97 26 7 42 30 55 26 100 85 81 75 55 100 84 28 93 44 96 96 93 8 23 68 12 59 50 97 31 98 15 20 57 54 76 9 94 50 54 64 53 78 22 98 82 57 70 51 45 7 27 68 43 19 96 42 80 2 12 64 67 64 39 37 44 97 50 3 24 5 40 26 9 27 30 40 71 59 4 19 52 9 58 55 53 7 56 76 82 22 35 83 73 100 27 81 40 4 53 19 38 51 93 98 99 40 95 4 27 50 73 65 71 61 86 2 27 73 79 69 88 52 67 27 21 49 46 73 23 36 89 64 74 2 8 14 45 72 9 21 3 16 89 66 93 28 43 85 27 68 29 18 54 65 88 28 83 
39 100 53 30 66 85 22 41 36 81 79 28 71 98 60 10 48 3 24 68 16 41 42 13 70 22 59 79 3 94 96 33 45 14 98 52 40 67 30 8 23 12 83 90 23 69 26 73 90 45 12 65 57 54 52 5 12 27 99 92 97 59 95 51 60 24 89 88 18 55 6 14 30 47 90 18 96 50 89 75 68 53 30 36 56 49 41 69 1 75 21 91 83 7 23 10 100 7 70 23 63 54 55 16 80 54 79 24 73 91 60 57 45 24 39 80 81 66 33 5 54 92 55 98 52 95 84 12 56 2 73 2 18 15 25 62 19 82 58 97 35 57 28 85 81 69 44 1 72 82 97 84 12 77 19 64 58 43 52 43 66 66 82 33 41 79 89 85 47 33 78 12 16 99 88 86 33 64 53 71 51 36 9 6 68 45 85 40 97 64 
15 84 43 36 86 15 37 40 100 75 46 94 46 7 60 61 19 28 31 62 49 86 35 10 1 82 42 60 46 100 55 92 98 54 30 67 23 83 97 64 39 75 67 63 73 87 7 99 65 92 94 4 58 45 24 52 19 8 87 43 87 57 97 81 51 57 26 11 86 41 8 57 80 29 92 10 35 91 24 59 14 96 12 26 74 67 87 65 5 9 52 39 71 88 56 4 13 47 29 99 66 60 22 38 11 16 38 25 53 85 29 13 28 38 100 45 60 20 53 31 33 68 82 18 24 74 80 89 25 60 73 83 25 1 62 94 33 68 9 85 98 82 90 38 90 7 96 90 74 51 64 10 83 94 94 28 40 38 74 80 48 12 65 32 91 77 88 16 10 75 61 49 65 5 12 34 43 78 41 48 71 92 14 75 32 61 32 64 68 9 32 
4 64 47 1 9 92 3 1 25 39 18 65 49 33 79 94 71 73 48 5 62 83 64 81 87 53 31 85 10 67 58 74 25 98 65 71 59 77 21 41 86 79 81 37 73 68 97 64 52 21 93 60 40 87 51 65 7 81 59 61 1 57 75 75 46 29 84 52 51 95 6 96 87 63 22 28 46 64 77 1 73 91 21 22 49 70 38 12 75 85 63 86 94 15 63 31 35 87 39 39 78 23 66 67 23 55 13 57 35 86 90 39 87 96 44 19 98 39 46 49 61 40 32 96 29 27 20 99 90 28 65 60 75 64 45 59 3 10 39 13 34 21 43 71 36 87 24 61 76 25 50 96 74 48 87 51 34 97 1 60 100 30 42 79 56 8 19 34 37 34 48 56 71 38 7 80 54 2 51 70 70 24 29 71 46 92 80 60 41 10 5 2 
54 96 42 4 77 26 7 54 59 25 20 39 66 45 88 10 56 77 46 62 12 97 10 43 59 81 82 25 39 38 24 90 67 39 6 72 73 58 91 73 95 97 36 79 23 92 25 14 80 22 27 86 90 48 7 60 1 31 81 26 21 27 8 20 47 67 66 63 97 42 70 29 10 51 48 80 22 88 5 67 61 13 15 18 9 75 64 82 52 69 94 34 90 68 65 70 83 27 51 50 79 37 48 19 15 25 23 17 27 79 91 54 26 85 78 58 61 35 30 86 60 65 7 48 5 9 28 53 64 28 52 32 33 82 72 88 63 35 25 25 41 90 100 40 26 9 41 54 15 93 9 35 32 58 93 33 57 79 74 81 86 4 47 67 47 75 1 51 43 18 7 68 59 87 72 95 96 28 4 30 35 89 6 28 61 81 26 87 58 69 25 22 40 
41 71 66 63 1 72 41 6 75 96 73 51 86 94 92 30 14 34 58 54 97 22 62 63 16 60 95 80 20 17 78 75 100 37 17 42 25 19 25 34 10 76 6 99 73 91 100 39 22 96 44 14 38 56 80 61 39 40 27 26 21 7 47 76 65 50 46 11 83 24 76 64 79 92 34 83 76 2 52 81 31 54 67 37 42 89 7 28 69 48 77 20 12 89 43 86 51 4 29 43 70 81 4 7 10 26 46 45 81 35 39 92 7 81 48 8 35 49 76 71 57 44 12 93 39 94 22 9 79 60 96 40 83 30 11 21 22 58 75 33 65 47 43 22 17 55 11 56 6 15 52 97 37 5 79 97 37 82 33 3 27 96 72 56 60 52 72 2 81 86 7 14 84 51 27 80 40 70 63 71 100 69 25 27 43 22 43 14 16 11 82 87 22 43 
19 80 57 93 44 65 74 50 71 75 70 29 100 86 93 60 59 9 33 75 74 7 85 56 8 53 30 15 41 94 35 26 60 20 59 20 91 79 59 64 96 74 99 65 64 36 86 91 26 74 19 69 18 35 4 62 40 18 5 88 79 70 21 10 3 26 41 59 4 22 69 15 36 15 56 38 44 40 62 31 95 94 68 79 48 37 34 67 95 62 49 33 37 33 94 32 39 78 73 54 100 92 21 97 95 5 55 2 99 77 11 35 61 42 96 85 65 11 43 4 65 83 72 38 2 29 39 10 2 99 64 47 21 76 9 89 47 34 72 75 77 46 64 26 80 37 59 84 18 65 53 4 62 87 78 83 64 82 42 95 91 13 34 92 29 75 43 63 58 28 75 68 72 52 29 8 68 99 35 90 1 26 68 72 95 71 49 59 97 91 16 16 41 1 37 
67 28 85 46 7 43 30 41 59 92 18 91 17 13 95 33 98 55 15 60 78 49 52 98 12 1 93 24 37 64 52 53 62 54 73 24 16 20 82 5 81 55 96 44 27 60 40 45 35 6 17 77 8 96 87 29 25 96 92 18 68 5 42 64 48 87 21 10 11 55 28 37 63 61 16 90 96 58 17 61 14 76 79 14 93 9 34 19 49 89 93 67 68 8 7 48 79 64 43 20 38 57 65 43 31 50 67 27 23 93 39 60 62 68 50 98 54 24 92 4 96 33 79 75 25 62 86 2 45 87 25 36 55 2 97 95 51 45 86 25 60 65 15 94 30 81 27 16 12 95 17 16 37 95 49 43 6 17 78 32 79 89 30 8 1 42 10 66 47 51 20 52 82 69 19 22 90 64 55 79 96 66 98 7 95 44 59 40 37 40 26 84 3 43 20 75 
45 47 88 40 33 53 23 47 23 76 55 57 55 46 87 19 16 70 53 83 92 71 34 68 39 47 38 39 44 62 90 63 73 77 12 3 21 27 43 32 37 76 84 13 10 36 14 26 2 5 95 5 63 75 19 60 25 87 2 30 65 10 17 12 23 89 6 12 34 40 68 81 60 3 52 88 21 75 33 87 48 5 53 39 79 81 73 36 76 82 18 86 14 15 31 17 85 4 95 86 24 40 92 88 89 51 63 48 56 31 7 17 35 33 68 62 42 24 40 82 68 70 63 48 83 33 55 7 95 6 18 91 50 62 63 92 44 53 20 45 12 86 40 46 15 68 95 22 29 69 59 51 17 66 30 72 97 93 14 9 79 44 52 89 77 42 51 48 59 2 71 79 65 59 95 15 48 28 78 79 88 16 10 14 71 78 15 42 57 54 98 88 58 88 79 40 42 
88 92 5 67 80 56 36 5 87 7 31 34 72 93 44 45 20 81 77 32 63 84 79 81 30 34 24 88 75 93 45 89 87 49 88 51 38 1 12 37 32 32 60 60 37 99 67 37 60 11 86 9 48 58 75 49 85 37 60 95 27 22 77 40 99 77 91 25 94 31 97 62 71 30 9 50 53 46 96 72 16 81 53 61 57 91 73 71 68 83 52 40 67 70 10 27 17 9 57 13 25 76 22 28 84 97 58 99 85 18 9 60 2 64 72 93 25 53 45 100 61 94 91 22 99 49 4 18 76 93 8 89 51 38 11 35 38 17 48 97 81 65 21 28 59 27 90 98 86 10 79 66 46 76 44 8 37 1 15 74 42 96 44 79 37 39 93 14 47 49 49 18 26 8 54 12 91 17 55 61 96 78 100 46 80 73 19 34 51 22 15 21 9 22 65 85 20 60 
37 13 99 55 91 47 39 93 64 65 43 34 53 11 12 14 85 40 82 43 72 81 39 24 93 64 35 13 93 31 95 4 17 95 1 85 66 88 100 3 5 46 37 57 63 81 29 28 1 22 18 13 46 57 19 32 88 37 77 72 86 53 85 54 23 77 77 53 62 49 13 49 4 71 10 61 67 56 17 40 60 49 64 1 45 97 17 34 45 10 90 82 9 54 81 89 81 83 12 12 47 6 93 6 60 22 92 15 54 69 33 22 77 91 87 79 10 10 17 87 62 35 40 23 15 67 75 5 59 73 73 40 68 17 52 49 8 41 31 65 47 7 49 64 32 62 47 64 48 2 21 20 82 58 68 42 12 31 29 41 76 10 18 76 56 69 6 77 58 74 2 50 36 13 86 2 43 5 94 49 49 51 85 23 61 31 11 97 24 98 28 53 56 82 31 2 75 64 18 
42 97 73 17 76 3 30 18 74 37 2 97 9 68 41 91 32 59 48 60 30 86 95 97 20 48 38 25 4 42 2 26 82 77 21 85 52 11 31 17 44 48 6 49 39 50 9 27 72 42 89 10 39 57 23 5 70 57 41 22 34 71 63 85 59 63 98 68 91 16 84 76 13 19 91 6 32 88 28 41 30 79 25 35 99 79 19 60 22 63 83 86 9 92 12 62 1 31 100 57 98 27 68 89 9 3 25 31 85 81 3 63 50 90 22 37 24 9 99 5 99 92 81 59 15 79 86 25 6 55 30 5 58 56 1 48 71 81 59 32 44 73 74 74 87 80 40 24 74 52 44 26 93 39 43 1 30 92 6 56 88 77 10 1 81 35 32 61 40 90 93 2 59 30 57 3 64 57 12 70 35 48 5 51 76 11 86 5 10 23 1 44 19 96 58 41 7 43 1 66 
