100
55 60
60 72
72 85
85 61
61 86
86 55
55 85
85 43
43 63
63 65
65 39
39 44
44 30
30 90
90 6
6 97
97 28
28 39
39 48
48 80
80 82
82 53
53 48
48 57
57 40
40 93
93 84
84 8
8 34
34 9
9 65
65 3
3 37
37 84
84 96
96 78
78 15
15 88
88 88
88 98
98 48
48 80
80 81
81 47
47 53
53 79
79 68
68 12
12 73
73 64
64 59
59 15
15 54
54 95
95 76
76 53
53 11
11 42
42 48
48 27
27 19
19 78
78 74
74 46
46 22
22 57
57 14
14 2
2 33
33 62
62 15
15 62
62 23
23 62
62 39
39 95
95 91
91 69
69 45
45 36
36 62
62 44
44 91
91 70
70 10
10 7
7 97
97 67
67 66
66 68
68 18
18 22
22 36
36 13
13 76
76 32
32 61
61 37
37 33
33 58
