10000
0 4
2 4
5 4
9 4
2 7
5 7
9 7
10 7
2 11
4 11
8 11
10 11
2 15
4 15
8 15
1 15
5 15
7 15
1 21
4 21
5 21
8 21
0 22
3 22
7 22
0 25
1 25
0 25
2 25
5 25
1 27
2 31
3 31
4 34
6 34
0 36
1 36
3 36
5 36
3 38
4 38
3 39
1 47
3 51
2 55
4 55
8 55
2 56
5 56
1 58
4 61
8 61
9 61
11 61
0 65
0 69
4 69
8 69
10 69
0 73
4 73
5 73
9 73
2 74
0 77
1 77
4 77
7 77
4 78
8 78
12 78
15 78
4 79
5 79
3 83
7 83
9 83
11 83
2 83
6 83
3 83
4 83
2 85
3 85
7 85
9 85
2 89
6 89
10 89
3 93
3 94
6 94
1 94
2 94
3 94
3 97
7 97
3 101
7 101
8 101
12 101
3 111
6 111
0 112
4 113
5 113
3 115
0 119
3 119
6 119
10 119
2 121
6 121
9 121
2 124
2 129
2 130
4 133
8 133
11 133
1 135
2 135
4 135
4 137
7 137
8 137
3 140
7 140
9 140
11 140
4 142
7 142
11 142
12 142
4 143
3 146
6 146
2 147
2 152
6 152
0 162
4 162
0 164
4 164
0 167
3 167
5 167
3 169
6 169
10 169
4 171
6 171
4 172
8 172
9 172
11 172
0 179
1 179
5 179
0 179
2 179
4 179
1 182
4 182
8 182
12 182
2 183
2 186
6 186
0 188
1 188
5 188
2 189
0 195
2 195
4 195
8 195
1 197
3 197
5 197
1 197
0 199
2 199
4 199
7 199
2 203
4 203
2 207
2 211
6 211
9 211
13 211
3 215
1 218
4 218
3 222
5 222
1 224
2 224
4 224
0 228
1 228
5 228
1 231
0 235
0 239
0 239
1 239
5 239
9 239
0 240
3 240
2 243
4 243
8 243
1 247
3 247
4 247
8 247
2 250
5 250
9 250
13 250
4 252
3 252
7 252
2 259
5 259
8 259
11 259
2 262
6 262
8 262
2 262
4 267
5 267
7 267
11 267
1 270
4 270
6 270
1 274
2 274
5 274
7 274
2 276
5 276
4 276
7 276
9 276
12 276
1 276
5 276
7 276
10 276
4 281
5 281
8 281
2 283
3 283
7 283
0 289
3 289
2 289
3 289
7 289
8 289
0 293
4 293
5 293
3 296
4 296
6 296
4 298
8 298
9 298
11 298
3 298
7 298
0 305
1 305
4 312
1 315
4 319
6 319
8 319
9 319
4 321
7 321
2 323
4 325
5 325
0 333
3 333
3 337
1 346
4 346
1 348
0 352
3 352
6 352
10 352
3 355
1 358
1 360
3 363
4 363
8 363
4 367
6 367
0 369
1 369
4 369
3 370
4 370
7 370
10 370
0 371
2 371
5 371
2 373
3 373
3 376
7 376
11 376
1 380
4 380
2 380
1 383
4 387
7 387
2 388
5 388
2 390
3 390
7 390
11 390
13 390
1 391
3 391
6 391
8 391
3 393
6 393
1 396
4 396
3 398
4 398
4 402
4 403
3 407
7 407
11 407
0 409
3 412
5 412
0 412
1 412
3 421
7 421
10 421
12 421
0 422
4 422
0 430
1 430
4 430
8 430
0 434
2 438
3 438
4 438
8 438
3 438
6 438
8 438
10 438
0 444
3 446
7 446
8 446
3 448
5 448
7 448
8 448
3 453
4 453
1 457
2 458
2 458
3 458
4 458
0 458
3 458
7 458
11 458
1 458
2 458
4 458
5 458
1 458
5 458
7 458
1 461
3 461
0 465
3 465
4 467
7 467
1 475
3 475
4 475
3 481
5 481
8 481
4 484
8 484
9 484
1 485
3 485
4 485
3 487
6 487
3 492
1 494
3 496
7 496
4 496
7 496
4 497
3 501
7 501
8 501
4 503
0 506
3 506
6 506
0 509
2 509
4 509
6 509
3 510
7 510
11 510
2 513
6 513
1 513
2 513
1 516
4 516
8 516
3 520
3 521
1 526
4 526
8 526
11 526
1 528
4 533
5 533
8 533
4 534
8 534
12 534
13 534
1 535
5 535
9 535
13 535
1 536
3 536
4 536
1 539
4 539
6 539
3 541
4 545
2 548
3 548
2 552
6 552
1 555
2 558
6 558
9 558
10 558
1 558
4 558
6 558
4 562
6 562
7 562
0 564
4 564
5 564
8 564
3 566
4 566
7 566
9 566
0 566
3 566
5 566
0 569
2 576
1 576
5 576
7 576
4 576
4 578
5 578
9 578
10 578
3 579
5 579
8 579
9 579
4 583
7 583
2 587
3 587
2 591
3 599
6 599
3 607
6 607
1 610
5 610
3 612
4 612
7 612
1 614
4 614
6 614
3 614
6 614
3 616
4 616
6 616
9 616
2 616
5 616
9 616
10 616
0 619
4 619
2 621
4 621
2 623
3 623
4 623
3 624
7 624
9 624
3 631
5 631
2 634
6 634
9 634
11 634
3 637
2 637
5 637
6 637
10 637
4 639
8 639
12 639
1 640
3 643
6 643
10 643
13 643
3 645
2 647
3 647
3 649
4 649
7 649
8 649
2 654
2 655
3 655
2 663
4 663
2 666
4 666
4 671
7 671
9 671
10 671
1 671
3 673
5 673
6 673
0 674
3 674
5 674
2 676
3 676
2 678
5 678
3 679
5 679
6 679
2 682
6 682
2 683
3 683
4 683
5 683
2 685
3 685
5 685
2 685
3 685
5 685
4 687
4 691
8 691
10 691
1 695
5 695
7 695
10 695
1 696
4 697
0 701
3 701
1 704
5 704
7 704
1 705
2 710
6 710
0 711
1 712
3 714
7 714
2 716
3 716
5 716
3 720
7 720
8 720
9 720
3 724
6 724
9 724
10 724
1 726
4 726
8 726
4 726
3 729
7 729
11 729
13 729
0 735
1 735
5 735
0 735
3 739
4 739
2 740
1 744
4 744
6 744
10 744
4 757
5 757
8 757
11 757
1 759
3 759
4 759
6 759
1 763
2 763
3 763
2 763
3 763
4 763
0 764
0 764
4 764
7 764
10 764
0 765
3 769
4 769
6 769
0 770
4 770
6 770
9 770
2 771
3 775
7 775
10 775
12 775
4 778
5 778
6 778
3 779
4 783
5 783
2 786
4 786
8 786
4 786
3 789
7 789
8 789
2 789
4 789
5 789
1 791
4 791
5 791
0 793
2 793
6 793
2 796
1 799
3 799
5 799
7 799
4 799
3 804
4 804
6 804
2 807
0 807
3 807
1 809
5 809
8 809
0 816
2 816
1 818
4 818
5 818
9 818
2 822
3 822
6 822
7 822
3 825
7 825
11 825
4 826
5 826
8 826
11 826
1 828
2 828
3 828
5 828
2 829
3 829
5 829
6 829
0 831
1 835
4 835
8 835
4 835
5 835
8 835
3 837
5 837
6 837
8 837
4 838
3 840
0 843
3 843
4 843
0 844
0 845
4 845
5 845
3 845
5 845
7 845
9 845
1 846
0 846
0 852
2 852
3 856
4 856
4 858
6 858
8 858
1 860
5 860
8 860
3 860
4 860
8 860
0 863
2 863
3 863
6 863
7 863
8 863
3 865
5 865
7 865
3 867
7 867
3 871
4 871
0 872
2 872
3 872
6 872
4 872
8 872
9 872
0 876
3 876
5 876
3 876
1 878
5 878
9 878
2 879
6 879
8 879
10 879
2 880
5 880
6 880
10 880
4 882
7 882
2 884
4 884
3 886
4 888
2 895
4 895
7 895
2 898
0 898
3 898
4 898
8 898
4 898
6 898
9 898
13 898
1 899
3 904
3 906
4 906
8 906
0 913
0 914
4 914
5 914
6 914
4 917
5 917
3 925
4 925
5 925
1 927
0 929
1 930
5 930
4 933
7 933
8 933
0 938
1 938
4 938
0 939
4 939
6 939
2 939
6 939
9 939
0 942
4 942
4 943
7 943
9 943
13 943
3 946
4 950
3 951
5 951
6 951
10 951
3 951
3 953
5 953
9 953
11 953
1 953
3 953
7 953
2 954
0 956
1 956
4 956
5 956
3 959
6 959
7 959
8 959
3 960
7 960
8 960
3 963
6 963
8 963
11 963
4 965
5 965
4 965
2 969
4 974
7 974
8 974
9 974
0 976
1 976
5 976
9 976
11 976
2 976
3 976
6 976
10 976
4 976
8 976
0 977
4 978
3 981
3 983
5 983
9 983
1 987
1 988
4 988
5 988
6 988
3 993
7 993
9 993
0 995
2 995
2 997
6 997
7 997
4 1001
6 1001
0 1003
4 1003
5 1003
0 1007
0 1013
2 1013
4 1013
1 1013
3 1015
7 1015
10 1015
13 1015
3 1019
1 1019
5 1019
6 1019
8 1019
3 1022
6 1022
8 1022
2 1023
2 1023
3 1023
2 1025
1 1025
4 1025
4 1027
8 1027
12 1027
1 1030
4 1030
6 1030
1 1036
5 1036
6 1036
4 1039
8 1039
1 1044
5 1044
4 1050
1 1050
2 1050
6 1050
8 1050
4 1053
6 1053
3 1056
6 1056
10 1056
1 1056
4 1056
5 1056
4 1060
6 1060
10 1060
3 1061
7 1061
3 1064
5 1064
6 1064
3 1066
1 1070
2 1070
0 1074
2 1074
2 1077
3 1077
6 1077
10 1077
2 1078
3 1078
4 1078
3 1079
6 1079
9 1079
4 1085
0 1085
1 1085
4 1085
2 1087
5 1087
1 1091
4 1091
8 1091
1 1095
2 1097
6 1097
8 1097
10 1097
3 1097
1 1098
5 1098
9 1098
11 1098
2 1101
4 1101
7 1101
4 1101
4 1103
7 1103
10 1103
4 1107
5 1107
9 1107
2 1110
3 1110
6 1110
10 1110
4 1114
3 1114
5 1114
8 1114
2 1115
5 1115
6 1115
3 1118
1 1122
2 1122
5 1122
4 1124
7 1124
3 1125
0 1126
2 1126
3 1126
3 1127
4 1127
4 1133
5 1133
6 1133
10 1133
1 1137
5 1137
8 1137
4 1140
8 1140
10 1140
3 1143
6 1143
10 1143
13 1143
4 1146
5 1146
6 1146
4 1147
6 1147
8 1147
1 1150
3 1150
7 1150
10 1150
0 1151
4 1151
3 1154
4 1157
3 1158
0 1164
2 1164
5 1164
7 1164
1 1165
4 1165
1 1165
4 1165
5 1165
9 1165
2 1169
6 1169
8 1169
11 1169
2 1175
2 1178
6 1178
8 1178
3 1182
6 1182
3 1186
4 1189
6 1189
10 1189
12 1189
0 1193
4 1193
6 1193
1 1195
5 1195
6 1195
2 1195
4 1195
6 1195
4 1199
6 1199
8 1199
9 1199
0 1202
3 1202
6 1202
7 1202
2 1205
4 1205
7 1205
0 1207
2 1207
5 1207
3 1207
4 1207
7 1207
0 1211
3 1211
1 1218
4 1218
7 1218
4 1221
7 1221
9 1221
13 1221
3 1223
7 1223
2 1227
4 1227
5 1227
8 1227
4 1231
3 1234
0 1238
1 1238
3 1238
1 1240
4 1240
1 1242
3 1242
1 1247
4 1247
8 1247
10 1247
0 1251
3 1251
1 1255
2 1255
6 1255
1 1258
1 1258
4 1258
5 1258
3 1259
6 1259
8 1259
2 1259
0 1261
4 1265
5 1265
6 1265
8 1265
1 1267
2 1267
5 1267
2 1268
5 1268
3 1270
1 1272
2 1272
0 1273
4 1273
8 1273
4 1280
8 1280
9 1280
13 1280
2 1284
0 1286
1 1289
5 1289
4 1295
4 1299
5 1299
7 1299
2 1302
5 1302
9 1302
10 1302
4 1303
3 1303
0 1306
3 1306
7 1306
9 1306
3 1310
4 1310
0 1311
2 1311
1 1311
4 1315
5 1315
2 1317
6 1317
9 1317
11 1317
0 1318
2 1318
3 1318
2 1318
5 1318
6 1318
3 1322
5 1322
3 1326
4 1330
4 1332
7 1332
3 1332
7 1332
1 1332
4 1332
1 1332
5 1332
9 1332
4 1333
8 1333
2 1334
3 1334
4 1350
4 1350
6 1350
10 1350
12 1350
1 1350
2 1356
5 1356
7 1356
8 1356
3 1364
7 1364
0 1366
4 1366
5 1366
6 1366
0 1369
1 1369
2 1375
4 1375
7 1375
4 1376
7 1376
4 1379
5 1379
2 1383
4 1383
6 1383
0 1386
3 1386
1 1389
2 1389
5 1389
2 1391
4 1391
5 1391
0 1391
3 1396
4 1396
5 1396
0 1399
1 1402
2 1402
4 1402
5 1402
1 1402
3 1402
5 1402
3 1405
6 1405
8 1405
9 1405
3 1405
2 1407
4 1411
7 1411
9 1411
0 1413
0 1416
3 1416
7 1416
11 1416
14 1416
2 1416
6 1416
8 1416
12 1416
0 1417
4 1419
5 1419
0 1426
2 1428
6 1428
7 1428
4 1431
8 1431
12 1431
3 1435
4 1435
3 1436
4 1436
6 1436
9 1436
1 1437
4 1437
5 1437
4 1440
3 1441
4 1441
6 1441
8 1441
0 1445
2 1445
4 1445
7 1445
2 1447
4 1447
3 1448
6 1448
4 1450
4 1454
7 1454
8 1454
4 1454
1 1458
5 1458
9 1458
0 1461
2 1461
3 1461
5 1461
0 1462
3 1462
7 1462
11 1462
0 1462
2 1462
3 1462
7 1462
3 1463
4 1463
8 1463
9 1463
3 1463
4 1463
6 1463
4 1464
1 1467
2 1467
3 1471
7 1471
8 1471
4 1472
8 1472
9 1472
12 1472
3 1472
1 1472
4 1476
3 1480
4 1480
3 1482
4 1482
1 1485
2 1487
1 1488
4 1488
5 1488
6 1488
1 1491
4 1491
1 1498
2 1498
5 1498
8 1498
2 1502
6 1502
7 1502
1 1502
0 1502
3 1502
4 1502
4 1505
5 1505
0 1509
2 1509
3 1509
4 1509
4 1510
6 1510
7 1510
1 1511
5 1511
9 1511
2 1512
1 1512
5 1512
8 1512
3 1514
0 1519
2 1519
3 1519
4 1519
0 1526
3 1526
5 1526
1 1527
4 1527
2 1531
1 1535
0 1535
2 1535
4 1538
6 1538
3 1539
7 1539
8 1539
12 1539
2 1543
1 1547
2 1547
5 1547
7 1547
2 1548
2 1549
5 1549
8 1549
12 1549
4 1552
6 1552
10 1552
3 1555
5 1555
6 1555
9 1555
2 1556
6 1556
7 1556
9 1556
0 1560
4 1560
2 1563
1 1564
4 1568
7 1568
10 1568
2 1572
6 1572
3 1576
4 1576
7 1576
2 1579
3 1579
4 1583
3 1584
3 1584
7 1584
10 1584
13 1584
3 1588
5 1588
6 1588
3 1590
4 1590
8 1590
12 1590
4 1590
8 1590
12 1590
14 1590
1 1592
3 1592
6 1592
7 1592
0 1596
3 1596
4 1596
3 1599
7 1599
2 1602
5 1602
8 1602
9 1602
1 1606
4 1606
5 1606
8 1606
4 1606
2 1608
4 1611
5 1611
7 1611
2 1613
5 1613
8 1613
12 1613
2 1620
4 1620
0 1622
4 1622
5 1622
0 1631
2 1631
6 1631
8 1631
3 1633
6 1633
8 1633
2 1638
4 1638
6 1638
7 1638
0 1640
4 1642
8 1642
10 1642
11 1642
1 1645
4 1645
5 1645
6 1645
1 1648
3 1648
5 1648
7 1648
0 1648
3 1648
7 1648
0 1648
2 1648
4 1651
7 1651
4 1653
8 1653
12 1653
1 1653
4 1653
7 1653
3 1653
7 1653
4 1657
5 1657
6 1657
4 1659
7 1659
8 1659
3 1660
6 1660
8 1660
12 1660
4 1665
7 1665
10 1665
14 1665
2 1668
3 1672
5 1672
4 1674
7 1674
9 1674
4 1676
5 1676
9 1676
12 1676
3 1679
6 1679
8 1679
10 1679
3 1683
6 1683
9 1683
1 1687
5 1687
9 1687
11 1687
3 1691
6 1691
10 1691
2 1691
5 1691
9 1691
12 1691
4 1692
2 1694
6 1694
3 1694
0 1696
2 1696
4 1696
1 1696
5 1696
0 1699
2 1699
2 1702
4 1704
5 1704
9 1704
10 1704
3 1712
4 1712
8 1712
11 1712
2 1714
1 1716
4 1716
6 1716
2 1719
6 1719
7 1719
9 1719
0 1723
4 1726
5 1726
6 1726
2 1730
5 1730
2 1731
4 1731
0 1735
0 1737
1 1739
4 1739
8 1739
10 1739
2 1739
3 1739
4 1739
8 1739
0 1742
2 1742
5 1742
7 1742
1 1744
3 1744
6 1744
1 1745
5 1745
9 1745
1 1746
3 1746
4 1746
0 1749
3 1749
4 1751
7 1751
11 1751
3 1752
6 1752
1 1754
2 1757
5 1757
9 1757
13 1757
0 1760
2 1760
6 1760
4 1760
6 1760
10 1760
1 1766
5 1766
9 1766
12 1766
2 1767
6 1767
9 1767
1 1771
3 1771
6 1771
1 1772
2 1775
2 1778
4 1778
7 1778
8 1778
0 1780
2 1780
1 1784
3 1784
7 1784
3 1792
5 1792
2 1796
3 1796
1 1798
3 1802
6 1802
9 1802
13 1802
3 1803
6 1803
7 1803
10 1803
3 1805
1 1809
2 1809
1 1813
1 1816
2 1816
6 1816
7 1816
3 1823
7 1823
3 1824
3 1828
7 1828
2 1828
6 1828
9 1828
13 1828
2 1830
5 1830
8 1830
2 1831
3 1831
4 1831
0 1835
3 1835
6 1835
7 1835
2 1836
3 1836
5 1836
3 1838
7 1838
8 1838
11 1838
4 1840
3 1841
6 1841
7 1841
9 1841
2 1843
3 1843
7 1843
0 1844
2 1847
6 1847
2 1847
1 1853
4 1853
6 1853
2 1857
3 1857
5 1857
8 1857
2 1859
3 1859
4 1859
2 1859
1 1860
5 1860
7 1860
4 1860
7 1860
11 1860
4 1862
2 1864
3 1864
2 1870
4 1870
4 1871
1 1871
2 1875
3 1875
6 1875
4 1875
4 1875
6 1875
7 1875
8 1875
4 1879
4 1880
5 1880
9 1880
11 1880
3 1882
5 1882
9 1882
2 1882
1 1885
5 1885
4 1887
8 1887
4 1888
8 1888
9 1888
12 1888
0 1890
2 1890
5 1890
1 1893
4 1894
5 1894
9 1894
2 1903
3 1906
7 1906
2 1909
5 1909
7 1909
3 1911
1 1915
2 1915
1 1919
4 1919
7 1919
3 1921
0 1922
3 1922
4 1924
7 1924
8 1924
2 1929
2 1933
5 1933
6 1933
1 1937
2 1937
1 1941
5 1941
9 1941
1 1945
2 1945
6 1945
10 1945
3 1948
7 1948
10 1948
3 1951
6 1951
8 1951
11 1951
4 1954
8 1954
11 1954
15 1954
3 1958
4 1958
6 1958
2 1967
5 1967
1 1973
2 1973
4 1973
2 1973
0 1980
2 1980
2 1985
3 1985
5 1985
3 1989
5 1989
0 1993
3 1993
2 1994
1 1994
3 1994
5 1994
1 1998
2 1998
4 2002
5 2002
4 2002
4 2004
3 2005
6 2005
8 2005
10 2005
3 2009
7 2009
8 2009
11 2009
3 2017
6 2017
7 2017
3 2022
6 2022
10 2022
11 2022
2 2022
6 2022
8 2022
9 2022
0 2024
2 2024
3 2024
2 2024
5 2024
3 2024
6 2024
1 2024
3 2024
6 2024
0 2025
1 2025
3 2025
2 2029
5 2029
9 2029
11 2029
1 2030
3 2030
4 2030
1 2033
4 2033
4 2036
5 2036
7 2036
10 2036
3 2040
5 2040
8 2040
3 2047
6 2047
8 2047
10 2047
3 2049
4 2049
5 2049
9 2049
0 2049
2 2049
3 2050
6 2050
0 2050
3 2050
5 2050
4 2054
4 2058
2 2060
4 2060
8 2060
12 2060
3 2069
4 2069
4 2071
7 2071
11 2071
4 2073
7 2073
4 2079
6 2079
7 2079
8 2079
3 2082
4 2082
4 2086
6 2086
8 2086
1 2087
4 2091
6 2091
8 2091
12 2091
1 2095
2 2097
3 2106
6 2106
7 2106
11 2106
1 2108
1 2114
4 2114
7 2114
10 2114
2 2116
5 2116
0 2120
2 2120
4 2120
1 2123
4 2123
5 2123
1 2127
5 2127
6 2127
7 2127
3 2130
7 2130
11 2130
2 2133
6 2133
3 2137
5 2137
7 2137
1 2141
2 2141
3 2141
3 2142
1 2143
5 2143
8 2143
1 2146
3 2146
1 2150
0 2153
1 2153
0 2159
2 2159
4 2162
7 2162
2 2163
3 2163
6 2163
7 2163
4 2168
6 2168
7 2168
8 2168
4 2170
6 2170
4 2178
5 2178
8 2178
12 2178
1 2179
0 2180
4 2180
7 2180
11 2180
1 2183
2 2183
5 2183
2 2188
3 2188
6 2188
8 2188
4 2194
5 2194
8 2194
12 2194
1 2198
3 2198
5 2198
7 2198
2 2201
3 2201
4 2201
5 2201
4 2204
7 2204
1 2205
2 2205
4 2205
4 2207
5 2207
6 2207
0 2207
4 2207
1 2208
3 2213
6 2213
2 2215
3 2217
4 2217
6 2217
2 2223
3 2223
5 2223
4 2223
1 2225
4 2225
2 2227
3 2227
6 2227
8 2227
3 2231
4 2231
6 2231
2 2233
6 2233
1 2236
3 2241
6 2241
9 2241
2 2245
3 2245
5 2245
9 2245
0 2248
0 2249
4 2249
7 2249
0 2251
4 2251
0 2258
3 2258
7 2258
9 2258
3 2260
4 2262
8 2262
9 2262
0 2264
4 2264
5 2264
1 2269
4 2269
7 2269
9 2269
13 2269
2 2273
3 2277
2 2283
4 2283
8 2283
9 2283
3 2285
7 2285
8 2285
12 2285
3 2288
4 2288
4 2289
5 2289
9 2289
10 2289
4 2289
7 2289
9 2289
0 2295
3 2295
4 2295
3 2297
5 2297
2 2300
3 2300
1 2304
2 2304
5 2304
1 2307
4 2308
8 2308
12 2308
2 2312
4 2312
4 2314
8 2314
4 2318
5 2318
2 2321
3 2321
2 2325
3 2325
6 2325
4 2330
1 2331
4 2331
5 2331
9 2331
1 2332
2 2332
4 2332
7 2332
3 2333
5 2333
9 2333
3 2333
7 2333
8 2333
10 2333
1 2337
4 2338
7 2338
3 2340
2 2345
4 2345
5 2345
9 2345
0 2348
2 2348
1 2352
4 2356
6 2356
8 2356
10 2356
1 2358
5 2358
6 2358
8 2358
0 2360
1 2360
4 2360
5 2360
0 2364
3 2364
4 2365
8 2365
11 2365
14 2365
2 2369
3 2369
7 2369
0 2369
1 2369
3 2369
4 2369
4 2373
6 2373
4 2376
7 2376
10 2376
4 2381
7 2381
0 2382
3 2382
1 2384
2 2384
6 2384
0 2388
3 2391
3 2396
4 2396
7 2396
4 2397
7 2397
11 2397
15 2397
0 2403
1 2403
5 2403
4 2403
8 2403
2 2405
4 2405
4 2405
1 2409
3 2409
4 2409
7 2409
2 2413
5 2413
6 2413
4 2416
7 2416
11 2416
12 2416
0 2420
4 2420
8 2420
10 2420
4 2424
7 2424
11 2424
15 2424
2 2430
6 2430
3 2431
2 2434
6 2434
3 2438
3 2440
6 2440
1 2443
0 2447
2 2447
6 2447
1 2450
4 2450
5 2450
9 2450
3 2450
5 2450
6 2450
3 2452
6 2452
1 2462
1 2463
5 2463
8 2463
1 2463
4 2463
4 2466
8 2466
10 2466
1 2468
5 2468
8 2468
10 2468
2 2472
2 2476
6 2476
0 2478
1 2479
0 2482
1 2482
2 2482
2 2483
6 2483
10 2483
12 2483
1 2486
3 2486
1 2486
5 2486
8 2486
9 2486
3 2489
4 2489
5 2489
4 2492
7 2492
11 2492
4 2495
8 2495
3 2498
7 2498
11 2498
12 2498
4 2501
5 2501
0 2503
3 2503
1 2507
3 2507
1 2518
3 2518
6 2518
4 2521
7 2521
10 2521
14 2521
1 2521
5 2521
7 2521
8 2521
1 2525
3 2525
5 2525
6 2525
3 2525
5 2525
8 2525
11 2525
4 2528
8 2528
4 2528
8 2528
2 2532
5 2532
9 2532
0 2535
2 2535
3 2536
4 2536
5 2536
8 2536
1 2545
4 2545
8 2545
10 2545
0 2549
3 2549
5 2549
2 2552
5 2552
9 2552
10 2552
1 2556
3 2556
0 2560
3 2560
0 2561
3 2561
4 2561
5 2561
6 2561
1 2562
5 2562
7 2562
2 2567
4 2567
8 2567
2 2568
5 2568
7 2568
2 2572
5 2572
0 2573
1 2577
0 2581
2 2581
3 2584
7 2584
1 2585
4 2585
7 2585
3 2587
7 2587
8 2587
1 2589
4 2589
5 2589
4 2590
6 2590
8 2590
3 2591
6 2591
10 2591
1 2599
2 2599
0 2608
3 2608
7 2608
9 2608
4 2611
8 2611
11 2611
2 2611
6 2611
10 2611
12 2611
3 2615
6 2615
10 2615
13 2615
4 2618
2 2621
4 2625
5 2625
9 2625
3 2628
7 2628
8 2628
4 2632
5 2632
2 2636
5 2636
9 2636
13 2636
0 2637
3 2637
5 2637
7 2637
4 2640
1 2640
2 2640
1 2641
5 2641
6 2641
0 2644
3 2644
5 2644
9 2644
0 2644
2 2644
6 2644
2 2644
6 2644
3 2645
5 2645
8 2645
12 2645
4 2648
0 2649
3 2650
6 2650
7 2650
8 2650
3 2654
2 2654
6 2654
8 2654
2 2654
3 2654
0 2654
0 2658
3 2658
7 2658
11 2658
1 2659
2 2659
1 2662
2 2662
6 2662
8 2662
3 2664
6 2664
1 2664
2 2664
2 2670
0 2672
2 2673
3 2680
7 2680
10 2680
11 2680
2 2683
5 2683
7 2683
9 2683
2 2686
6 2686
3 2686
0 2689
3 2689
0 2690
4 2694
5 2694
7 2694
1 2694
5 2694
9 2694
10 2694
1 2694
4 2694
0 2696
4 2696
5 2696
3 2699
6 2699
0 2703
3 2703
7 2703
8 2703
4 2704
5 2704
9 2704
10 2704
3 2705
5 2705
8 2705
10 2705
4 2711
7 2711
9 2711
4 2711
5 2711
6 2711
1 2712
5 2712
7 2712
9 2712
0 2712
4 2713
7 2713
8 2713
1 2715
5 2715
8 2715
2 2718
3 2718
4 2722
8 2722
12 2722
0 2725
2 2725
5 2725
6 2725
2 2728
1 2728
2 2728
2 2732
1 2734
4 2734
5 2734
7 2734
3 2734
5 2734
9 2734
10 2734
3 2738
5 2738
8 2738
2 2739
3 2739
4 2739
1 2742
3 2742
5 2742
7 2742
2 2744
3 2744
4 2748
6 2748
9 2748
13 2748
3 2750
5 2750
7 2750
11 2750
1 2753
2 2753
4 2753
8 2753
2 2754
6 2754
10 2754
13 2754
1 2756
0 2756
3 2763
6 2763
9 2763
11 2763
0 2763
2 2763
5 2763
3 2764
3 2764
6 2764
7 2764
11 2764
3 2766
4 2768
2 2769
4 2769
7 2769
0 2772
2 2772
5 2772
8 2772
4 2776
5 2776
8 2776
9 2776
2 2777
6 2777
10 2777
0 2783
3 2783
2 2785
3 2785
5 2785
6 2785
4 2789
6 2789
0 2791
1 2791
4 2791
8 2791
4 2794
6 2794
8 2794
10 2794
1 2796
0 2796
2 2796
3 2796
2 2801
3 2805
4 2805
5 2805
2 2807
2 2808
3 2808
1 2816
5 2816
7 2816
9 2816
0 2818
4 2818
7 2818
10 2818
1 2819
3 2819
6 2819
4 2821
8 2821
0 2825
3 2825
1 2825
1 2827
5 2827
1 2829
2 2829
1 2833
5 2833
1 2837
4 2837
6 2837
7 2837
1 2840
3 2840
3 2844
4 2844
7 2844
11 2844
4 2846
8 2846
9 2846
11 2846
0 2848
4 2848
8 2848
1 2848
5 2848
8 2848
12 2848
4 2849
1 2852
4 2852
4 2854
1 2854
3 2854
7 2854
4 2855
6 2855
9 2855
3 2858
4 2858
2 2860
5 2860
7 2860
8 2860
1 2863
4 2863
2 2865
5 2865
8 2865
0 2866
2 2866
4 2866
0 2867
0 2871
2 2871
6 2871
2 2872
6 2872
10 2872
11 2872
4 2874
2 2879
0 2882
2 2882
4 2882
2 2884
4 2884
5 2884
0 2886
4 2886
0 2889
1 2890
2 2890
4 2890
7 2890
0 2894
0 2894
1 2894
5 2894
6 2894
0 2894
4 2894
2 2898
4 2898
2 2905
6 2905
3 2905
4 2905
7 2905
8 2905
4 2905
6 2905
1 2907
2 2908
1 2910
4 2910
5 2910
9 2910
3 2914
4 2919
7 2919
1 2920
5 2920
2 2924
3 2928
0 2934
2 2934
6 2934
8 2934
3 2936
5 2936
6 2936
9 2936
1 2936
3 2936
0 2939
3 2939
0 2945
1 2948
4 2948
6 2948
3 2952
4 2952
1 2955
1 2956
2 2958
4 2960
8 2960
2 2960
4 2960
3 2963
0 2964
3 2964
6 2964
0 2964
4 2964
5 2964
2 2966
6 2966
9 2966
3 2968
0 2972
1 2976
4 2976
7 2976
2 2978
3 2978
5 2978
2 2981
3 2981
6 2981
4 2985
5 2985
2 2986
5 2986
1 2989
4 2989
7 2989
11 2989
1 2989
4 2989
4 2992
8 2992
1 2995
2 2999
1 2999
4 2999
6 2999
9 2999
4 3000
7 3000
2 3001
5 3001
1 3001
5 3001
3 3005
7 3005
3 3009
1 3009
5 3009
1 3010
4 3012
6 3012
9 3012
1 3013
2 3013
6 3013
7 3013
1 3016
4 3016
8 3016
0 3018
0 3020
1 3020
2 3020
3 3020
0 3021
4 3021
1 3021
4 3021
0 3021
4 3021
1 3025
0 3028
1 3028
2 3028
5 3028
3 3030
5 3030
9 3030
4 3032
5 3032
8 3032
10 3032
4 3032
5 3032
8 3032
11 3032
2 3033
0 3034
4 3034
0 3034
3 3034
7 3034
1 3037
5 3037
6 3037
3 3041
2 3045
3 3047
5 3047
8 3047
3 3050
5 3050
9 3050
0 3051
1 3051
1 3054
3 3054
4 3054
2 3055
1 3058
2 3058
5 3058
3 3060
0 3064
3 3064
6 3064
1 3071
2 3071
1 3075
4 3075
8 3075
12 3075
0 3079
3 3082
5 3082
6 3082
4 3083
8 3083
12 3083
13 3083
1 3093
4 3093
8 3093
3 3095
7 3095
9 3095
12 3095
0 3098
1 3098
1 3098
2 3098
6 3098
8 3098
0 3102
2 3106
6 3106
0 3110
4 3110
7 3110
0 3113
3 3123
4 3123
6 3123
4 3125
6 3125
8 3125
10 3125
2 3128
3 3128
4 3131
0 3132
2 3132
4 3132
6 3132
0 3138
4 3138
8 3138
10 3138
3 3140
7 3140
2 3141
5 3141
8 3141
0 3145
3 3145
1 3151
1 3154
2 3154
0 3158
3 3158
4 3158
6 3158
1 3162
3 3162
0 3164
4 3164
6 3164
2 3166
1 3166
2 3166
3 3166
7 3166
4 3169
6 3169
0 3172
1 3172
4 3172
1 3176
4 3183
8 3183
3 3187
1 3194
2 3194
6 3194
4 3196
6 3196
8 3196
10 3196
3 3197
4 3197
3 3197
2 3200
6 3200
9 3200
13 3200
0 3202
3 3202
0 3204
4 3204
1 3205
3 3205
0 3209
3 3209
7 3209
8 3209
0 3211
4 3211
6 3211
7 3211
0 3215
1 3215
3 3222
3 3226
7 3226
2 3229
3 3229
5 3229
7 3229
0 3232
2 3232
6 3232
3 3239
5 3239
7 3239
9 3239
0 3239
3 3239
1 3241
2 3241
4 3241
5 3241
0 3244
4 3244
1 3246
3 3246
5 3246
3 3246
2 3250
2 3255
5 3255
7 3255
1 3259
4 3259
2 3263
2 3264
4 3264
3 3264
6 3264
10 3264
12 3264
1 3264
2 3264
5 3264
1 3266
5 3266
6 3266
9 3266
1 3270
3 3270
4 3270
1 3271
3 3271
5 3271
6 3271
0 3275
0 3279
0 3279
3 3281
5 3281
0 3284
2 3284
0 3295
3 3299
0 3300
3 3300
6 3300
10 3300
4 3304
5 3304
6 3304
4 3308
5 3308
6 3308
4 3308
7 3308
8 3308
12 3308
0 3309
1 3311
5 3311
6 3311
8 3311
1 3315
5 3315
7 3315
4 3318
3 3318
7 3318
8 3318
1 3318
3 3318
3 3321
5 3321
9 3321
1 3321
3 3325
3 3329
3 3333
5 3333
7 3333
1 3337
5 3337
2 3338
0 3341
2 3341
2 3343
6 3343
9 3343
1 3345
2 3345
3 3345
4 3351
7 3351
8 3351
12 3351
2 3357
6 3357
10 3357
0 3361
3 3361
0 3362
2 3362
6 3362
8 3362
3 3362
7 3362
9 3362
11 3362
3 3363
4 3363
6 3363
2 3364
3 3367
5 3367
0 3371
2 3371
6 3371
1 3375
1 3386
5 3386
3 3386
3 3388
5 3388
0 3392
1 3392
3 3393
6 3393
7 3393
8 3393
0 3397
4 3397
7 3397
10 3397
1 3398
3 3398
6 3398
1 3404
2 3404
4 3404
2 3405
5 3405
7 3405
11 3405
0 3406
4 3409
1 3416
5 3416
6 3416
8 3416
3 3417
6 3417
9 3417
10 3417
0 3419
4 3419
5 3419
2 3421
3 3421
6 3421
8 3421
1 3426
5 3426
0 3429
3 3429
4 3429
4 3429
1 3431
1 3435
2 3435
5 3435
9 3435
4 3439
7 3439
8 3439
11 3439
0 3443
3 3443
4 3443
3 3445
0 3448
3 3448
5 3448
9 3448
2 3450
4 3450
5 3450
1 3454
2 3454
2 3455
3 3455
6 3455
10 3455
2 3459
5 3459
3 3460
6 3460
7 3460
1 3464
3 3464
6 3464
1 3468
4 3468
7 3468
4 3469
7 3469
11 3469
13 3469
3 3471
7 3471
10 3471
1 3474
1 3477
1 3480
3 3480
7 3480
8 3480
0 3483
1 3483
3 3483
1 3484
2 3484
4 3488
4 3489
5 3489
0 3493
4 3498
4 3498
6 3498
2 3502
2 3504
3 3504
2 3507
3 3507
1 3510
5 3510
6 3510
3 3512
4 3512
7 3512
2 3512
5 3512
2 3515
3 3515
1 3516
2 3516
0 3520
2 3523
3 3527
2 3528
4 3528
3 3531
4 3531
5 3531
6 3531
4 3538
4 3542
8 3542
9 3542
10 3542
0 3545
2 3545
3 3545
4 3547
6 3547
3 3550
4 3550
8 3550
2 3554
3 3554
7 3554
0 3554
0 3557
3 3559
3 3561
5 3561
6 3561
0 3562
1 3562
5 3562
3 3566
7 3566
9 3566
3 3569
6 3569
1 3569
0 3573
1 3577
2 3577
3 3580
5 3580
8 3580
10 3580
4 3583
6 3583
3 3590
4 3591
2 3597
3 3597
5 3597
3 3600
7 3600
2 3602
1 3603
2 3603
6 3603
8 3603
2 3604
5 3604
2 3605
3 3605
4 3605
0 3607
1 3607
4 3610
6 3610
8 3610
10 3610
4 3614
2 3615
3 3615
4 3615
5 3615
1 3620
3 3620
2 3623
3 3623
6 3623
0 3625
1 3626
0 3626
3 3626
6 3626
9 3626
2 3630
5 3630
4 3631
6 3631
4 3636
7 3636
2 3639
3 3641
0 3641
1 3641
1 3644
4 3644
3 3647
6 3647
8 3647
3 3649
6 3649
4 3652
6 3652
10 3652
11 3652
2 3655
3 3655
2 3659
4 3659
5 3659
9 3659
3 3659
4 3659
2 3662
5 3662
7 3662
1 3664
3 3664
0 3664
1 3667
4 3667
5 3667
6 3667
0 3670
2 3670
3 3670
4 3670
1 3674
2 3674
4 3674
2 3678
4 3678
7 3678
9 3678
3 3678
4 3678
7 3678
11 3678
4 3680
6 3680
3 3680
7 3680
9 3680
10 3680
2 3681
5 3681
6 3681
3 3684
4 3684
5 3684
2 3685
5 3685
6 3685
0 3688
1 3688
3 3692
4 3692
2 3693
1 3697
2 3698
0 3698
2 3698
6 3698
4 3700
4 3702
6 3702
8 3702
12 3702
3 3704
1 3704
2 3704
5 3704
8 3704
4 3706
7 3706
8 3706
4 3709
8 3709
4 3710
5 3710
3 3713
4 3713
5 3713
3 3717
7 3717
2 3722
4 3722
3 3722
7 3722
8 3722
3 3725
4 3725
8 3725
4 3725
7 3725
1 3728
4 3728
7 3728
4 3731
1 3733
4 3735
3 3735
7 3735
11 3735
12 3735
3 3737
7 3737
1 3738
2 3738
4 3738
5 3738
3 3740
4 3740
6 3740
7 3740
3 3743
4 3746
1 3753
3 3753
6 3753
9 3753
3 3755
6 3755
9 3755
1 3758
5 3758
8 3758
9 3758
4 3761
8 3761
10 3761
13 3761
0 3762
4 3769
8 3769
4 3769
5 3769
8 3769
12 3769
2 3771
3 3771
3 3772
7 3772
11 3772
1 3774
5 3774
1 3776
2 3776
6 3776
9 3776
3 3780
0 3786
2 3786
3 3787
7 3787
1 3791
4 3791
3 3794
4 3794
7 3794
0 3800
3 3800
5 3800
1 3800
1 3803
2 3806
3 3806
4 3806
4 3809
8 3809
10 3809
12 3809
2 3811
6 3811
7 3811
9 3811
1 3813
5 3813
0 3815
2 3815
6 3815
10 3815
1 3819
4 3819
6 3819
8 3819
3 3819
2 3823
4 3823
5 3823
9 3823
4 3824
3 3827
6 3827
2 3830
1 3833
2 3833
4 3833
6 3833
1 3837
4 3837
4 3837
3 3839
4 3839
6 3839
9 3839
0 3845
1 3849
5 3849
9 3849
12 3849
4 3855
8 3855
10 3855
3 3857
4 3857
5 3857
2 3858
4 3858
7 3858
11 3858
1 3865
2 3865
4 3867
5 3867
6 3867
9 3867
2 3869
4 3873
6 3873
8 3873
4 3873
8 3873
10 3873
4 3874
3 3875
7 3875
10 3875
4 3879
6 3879
9 3879
3 3880
7 3880
1 3883
3 3883
4 3883
2 3886
4 3886
5 3886
2 3887
4 3887
2 3887
3 3887
1 3893
5 3893
4 3897
2 3901
4 3901
5 3901
2 3903
3 3905
5 3905
4 3906
7 3906
9 3906
11 3906
0 3907
4 3907
2 3907
5 3907
7 3907
2 3911
4 3911
1 3912
2 3912
6 3912
2 3918
3 3919
1 3922
0 3922
1 3922
3 3922
6 3922
1 3927
5 3927
0 3931
4 3931
8 3931
9 3931
0 3935
1 3935
5 3935
7 3935
2 3939
5 3939
3 3939
5 3939
9 3939
12 3939
4 3944
1 3948
5 3948
0 3952
1 3952
2 3952
3 3952
0 3956
4 3958
7 3958
8 3958
1 3962
5 3962
8 3962
0 3964
1 3964
2 3964
4 3964
3 3965
4 3965
6 3965
8 3965
4 3973
6 3973
9 3973
4 3975
1 3977
2 3977
3 3977
2 3985
2 3987
2 3994
5 3994
6 3994
3 3997
2 4001
4 4001
5 4001
6 4001
0 4004
1 4004
3 4004
5 4004
3 4007
2 4012
4 4015
2 4016
6 4016
7 4016
11 4016
2 4019
3 4019
5 4019
2 4020
6 4020
3 4023
4 4024
7 4024
9 4024
3 4025
4 4025
4 4027
1 4027
2 4031
5 4031
4 4033
7 4033
11 4033
3 4035
5 4035
7 4035
8 4035
2 4035
0 4038
4 4038
5 4038
8 4038
3 4039
6 4039
9 4039
4 4041
4 4048
0 4053
1 4053
1 4057
2 4057
3 4062
4 4062
6 4062
3 4066
4 4066
5 4066
9 4066
1 4068
3 4068
4 4068
0 4068
2 4068
4 4068
0 4070
2 4070
3 4074
2 4077
4 4077
1 4080
3 4080
7 4080
10 4080
3 4082
5 4082
9 4082
11 4082
3 4086
7 4086
11 4086
15 4086
3 4090
7 4090
3 4094
4 4094
8 4094
4 4097
6 4097
0 4100
3 4100
0 4101
3 4101
2 4101
6 4101
9 4101
12 4101
0 4102
2 4108
5 4108
9 4108
10 4108
2 4110
3 4110
5 4110
7 4110
1 4114
2 4114
3 4117
5 4117
1 4119
3 4119
5 4119
6 4119
4 4124
8 4124
12 4124
14 4124
1 4126
4 4126
7 4126
10 4126
1 4127
0 4129
3 4133
4 4133
8 4133
1 4136
4 4136
5 4136
2 4137
4 4137
1 4137
3 4139
4 4139
7 4139
1 4143
5 4143
8 4143
9 4143
4 4147
8 4147
12 4147
2 4148
3 4148
4 4148
6 4148
0 4151
2 4151
0 4154
2 4158
1 4158
3 4158
4 4158
0 4161
3 4162
4 4162
7 4162
0 4164
3 4164
4 4164
7 4164
3 4165
6 4165
4 4167
7 4167
9 4167
11 4167
4 4169
5 4169
9 4169
12 4169
3 4173
6 4173
2 4177
3 4177
7 4177
0 4185
2 4185
5 4185
6 4185
1 4188
2 4188
3 4190
7 4190
9 4190
3 4192
1 4193
4 4193
3 4194
3 4197
6 4197
7 4197
8 4197
3 4201
6 4201
9 4201
3 4202
3 4206
5 4206
0 4210
4 4210
5 4210
7 4210
0 4213
1 4213
3 4213
4 4213
0 4217
0 4219
4 4219
8 4219
12 4219
1 4222
3 4226
3 4227
0 4231
4 4231
8 4231
0 4234
3 4234
0 4238
2 4238
3 4238
4 4238
0 4241
0 4242
4 4242
1 4245
0 4246
4 4246
7 4246
8 4246
0 4249
2 4249
4 4251
5 4251
6 4251
2 4252
5 4252
0 4256
3 4260
7 4260
10 4260
11 4260
0 4262
1 4263
2 4263
3 4263
7 4263
0 4270
3 4270
7 4270
10 4270
0 4281
4 4281
7 4281
2 4283
4 4283
8 4283
4 4283
5 4283
9 4283
2 4285
3 4285
5 4285
0 4288
2 4288
5 4288
8 4288
1 4290
5 4290
2 4291
3 4291
4 4291
4 4292
8 4292
10 4292
13 4292
4 4295
6 4295
8 4295
12 4295
1 4296
4 4302
8 4302
12 4302
13 4302
2 4303
5 4303
6 4303
4 4307
6 4307
7 4307
1 4307
2 4307
4 4307
0 4307
1 4309
5 4309
7 4309
10 4309
2 4309
5 4309
1 4312
2 4314
4 4314
6 4314
7 4314
4 4314
6 4314
0 4316
2 4316
6 4316
2 4318
0 4320
4 4324
6 4324
0 4328
4 4328
1 4329
2 4329
4 4333
1 4337
4 4337
0 4340
3 4340
4 4340
1 4342
4 4342
8 4342
11 4342
4 4345
7 4345
11 4345
1 4349
4 4349
6 4349
2 4353
5 4353
4 4356
6 4356
7 4356
1 4358
1 4359
4 4359
1 4360
2 4360
6 4360
9 4360
4 4360
7 4360
2 4361
3 4361
5 4361
3 4364
5 4364
9 4364
1 4368
3 4368
4 4372
5 4372
7 4372
1 4373
3 4373
4 4373
7 4373
1 4381
5 4381
8 4381
11 4381
1 4382
3 4382
7 4382
9 4382
2 4385
6 4385
7 4385
8 4385
4 4389
0 4392
3 4392
5 4392
2 4398
4 4399
8 4399
0 4399
1 4399
3 4402
7 4402
1 4406
4 4406
8 4406
11 4406
2 4406
3 4406
2 4406
4 4406
5 4406
6 4406
1 4409
3 4409
3 4413
5 4413
3 4419
4 4419
7 4419
0 4422
4 4422
0 4425
3 4425
4 4425
0 4432
3 4435
4 4435
6 4435
8 4435
3 4439
7 4439
3 4439
4 4439
1 4439
0 4439
1 4442
3 4442
4 4442
1 4443
2 4445
5 4445
7 4445
4 4448
8 4448
11 4448
1 4450
3 4450
7 4450
9 4450
3 4451
4 4451
8 4451
2 4452
4 4452
6 4452
7 4452
1 4452
3 4452
4 4452
3 4454
4 4454
6 4454
0 4458
3 4458
1 4459
4 4463
8 4463
10 4463
13 4463
1 4467
2 4467
6 4467
2 4469
3 4469
5 4469
4 4473
7 4473
0 4477
3 4479
7 4479
0 4480
3 4480
4 4480
4 4484
7 4484
10 4484
2 4487
4 4487
6 4487
9 4487
4 4491
6 4491
9 4491
12 4491
4 4492
0 4496
2 4496
6 4496
7 4496
1 4496
4 4496
5 4496
1 4497
2 4497
0 4498
1 4498
3 4498
4 4498
6 4498
9 4498
0 4500
0 4507
3 4507
4 4510
4 4513
4 4513
7 4513
2 4516
3 4516
5 4516
4 4519
8 4519
11 4519
3 4523
4 4525
7 4525
4 4527
1 4530
4 4530
3 4534
5 4534
0 4538
3 4538
6 4538
9 4538
2 4542
3 4545
5 4545
8 4545
9 4545
1 4549
4 4549
7 4549
9 4549
2 4550
0 4553
4 4556
8 4556
9 4556
4 4558
1 4558
4 4558
1 4566
3 4570
6 4570
7 4570
0 4572
2 4572
1 4573
3 4577
4 4577
3 4580
4 4580
8 4580
11 4580
4 4583
1 4588
1 4588
5 4588
9 4588
12 4588
1 4589
2 4589
0 4590
3 4590
7 4590
2 4593
5 4593
8 4593
2 4595
5 4595
7 4595
1 4596
3 4596
7 4596
10 4596
4 4597
8 4597
12 4597
1 4601
3 4601
5 4601
0 4602
3 4609
4 4609
7 4609
9 4609
3 4610
5 4610
8 4610
12 4610
3 4613
4 4617
7 4617
11 4617
14 4617
3 4617
7 4617
1 4620
5 4620
8 4620
10 4620
0 4623
1 4623
4 4625
6 4625
10 4625
13 4625
3 4626
5 4626
6 4626
10 4626
4 4627
2 4631
6 4631
7 4631
8 4631
3 4631
7 4631
9 4631
4 4635
2 4636
1 4644
2 4644
5 4644
1 4648
4 4648
5 4648
8 4648
4 4648
5 4648
7 4648
11 4648
3 4648
3 4652
7 4652
9 4652
11 4652
3 4652
7 4652
11 4652
0 4655
1 4655
5 4655
3 4656
4 4660
8 4660
12 4660
13 4660
2 4661
4 4663
7 4663
10 4663
12 4663
3 4663
4 4663
1 4668
3 4668
6 4668
8 4668
1 4674
5 4674
9 4674
0 4678
4 4678
6 4678
9 4678
4 4679
5 4679
6 4679
10 4679
2 4681
5 4681
0 4682
1 4682
5 4682
1 4686
5 4686
9 4686
0 4691
2 4691
6 4691
8 4691
2 4697
4 4697
0 4699
4 4699
2 4700
5 4700
4 4702
8 4702
12 4702
15 4702
4 4702
1 4705
4 4705
7 4705
8 4705
1 4706
4 4706
5 4706
7 4706
2 4706
3 4706
5 4706
2 4708
6 4708
9 4708
2 4709
5 4709
6 4709
8 4709
2 4709
5 4709
3 4709
6 4709
4 4709
3 4713
1 4713
3 4714
5 4714
4 4715
8 4715
9 4715
4 4716
1 4719
2 4722
1 4724
2 4724
4 4724
0 4728
2 4728
6 4728
4 4732
8 4732
3 4735
6 4735
8 4735
12 4735
2 4737
4 4740
7 4740
10 4740
0 4741
4 4741
5 4741
7 4741
3 4742
5 4742
8 4742
3 4746
5 4746
7 4746
9 4746
2 4747
4 4747
5 4747
4 4751
6 4751
9 4751
11 4751
0 4754
3 4754
6 4754
9 4754
3 4755
6 4755
2 4756
1 4758
3 4761
7 4761
1 4761
3 4761
5 4761
8 4761
4 4762
8 4762
0 4764
3 4764
7 4764
11 4764
2 4768
4 4768
6 4768
0 4774
4 4774
5 4774
6 4774
4 4774
4 4774
5 4774
4 4776
8 4776
9 4776
2 4776
3 4776
3 4781
5 4781
9 4781
2 4785
4 4785
5 4785
3 4787
5 4787
6 4787
4 4791
6 4791
10 4791
11 4791
1 4794
4 4796
0 4798
3 4798
5 4798
8 4798
0 4801
3 4801
1 4805
3 4805
1 4806
5 4806
8 4806
10 4806
1 4807
2 4807
4 4809
5 4809
3 4816
7 4816
10 4816
0 4819
4 4819
7 4819
11 4819
4 4823
3 4828
7 4828
4 4828
7 4828
2 4831
3 4834
4 4837
0 4838
4 4840
5 4840
4 4840
7 4840
10 4840
14 4840
2 4845
3 4845
5 4845
9 4845
3 4849
6 4849
0 4854
3 4854
5 4854
8 4854
1 4856
3 4856
3 4858
2 4860
5 4860
6 4860
4 4860
6 4860
8 4860
12 4860
4 4864
8 4864
1 4866
4 4869
8 4869
4 4872
0 4876
3 4876
6 4876
8 4876
2 4878
5 4878
6 4878
10 4878
4 4879
5 4879
7 4879
3 4881
4 4881
7 4881
8 4881
1 4881
1 4882
5 4882
9 4882
13 4882
3 4884
6 4884
9 4884
0 4887
1 4887
0 4891
4 4891
8 4891
3 4892
6 4892
8 4892
3 4895
6 4895
3 4895
4 4895
5 4895
3 4906
2 4907
3 4907
1 4909
2 4909
4 4909
7 4909
2 4913
1 4920
4 4920
3 4927
5 4927
7 4927
1 4930
4 4930
4 4930
5 4930
2 4930
6 4930
2 4932
3 4932
6 4932
0 4936
3 4936
5 4936
1 4940
4 4940
7 4940
10 4940
11 4940
1 4943
2 4943
3 4943
5 4943
1 4946
4 4949
4 4950
3 4951
4 4951
6 4951
4 4951
8 4951
12 4951
15 4951
1 4952
5 4952
2 4955
3 4955
0 4957
2 4957
1 4960
4 4964
0 4965
3 4965
6 4965
7 4965
2 4970
6 4970
7 4970
4 4970
1 4971
5 4971
7 4971
10 4971
3 4975
6 4975
9 4975
2 4976
5 4976
2 4980
3 4980
4 4980
4 4980
4 4982
4 4985
6 4985
7 4985
3 4989
4 4989
3 4992
3 4996
0 5000
3 5000
6 5000
10 5000
4 5000
4 5003
8 5003
9 5003
13 5003
4 5005
5 5005
3 5006
4 5006
2 5010
1 5014
3 5014
6 5014
4 5019
6 5019
9 5019
0 5020
0 5021
4 5022
0 5025
4 5025
5 5025
9 5025
4 5025
5 5025
6 5025
8 5025
2 5026
1 5030
5 5030
2 5032
4 5032
7 5032
10 5032
2 5033
2 5034
6 5034
0 5036
1 5036
5 5036
9 5036
2 5040
4 5041
8 5041
12 5041
14 5041
3 5042
2 5044
6 5044
8 5044
11 5044
1 5045
1 5064
2 5064
2 5066
1 5070
5 5070
4 5074
6 5074
10 5074
11 5074
3 5075
4 5075
3 5075
7 5075
8 5075
10 5075
0 5078
0 5080
4 5087
0 5090
0 5090
1 5090
4 5090
1 5090
4 5090
2 5092
3 5092
2 5096
0 5099
1 5099
5 5099
1 5103
5 5103
9 5103
11 5103
3 5107
4 5107
6 5107
2 5109
4 5109
7 5109
11 5109
2 5109
1 5113
3 5113
0 5114
0 5114
4 5114
3 5118
3 5118
4 5118
5 5118
1 5119
3 5119
4 5123
8 5123
3 5125
2 5127
4 5127
1 5131
3 5131
7 5131
11 5131
2 5134
5 5134
4 5136
4 5137
8 5137
11 5137
0 5140
1 5140
5 5140
1 5141
2 5141
3 5141
6 5141
3 5143
5 5143
6 5143
4 5143
7 5143
8 5143
12 5143
3 5147
7 5147
8 5147
2 5147
3 5147
2 5147
4 5151
6 5151
3 5155
5 5155
6 5155
1 5156
2 5156
3 5156
2 5156
0 5157
4 5157
2 5160
3 5160
7 5160
3 5161
3 5165
3 5171
4 5171
3 5179
4 5179
1 5179
2 5179
5 5179
3 5184
7 5184
9 5184
4 5185
8 5185
12 5185
13 5185
1 5195
2 5195
0 5195
4 5195
2 5197
2 5199
2 5200
3 5200
5 5200
0 5201
1 5201
5 5201
9 5201
3 5203
4 5206
1 5210
4 5210
5 5210
2 5212
3 5212
4 5212
1 5212
2 5212
4 5212
5 5212
0 5214
1 5214
3 5218
6 5218
8 5218
3 5221
4 5221
7 5221
3 5225
6 5225
4 5225
8 5225
10 5225
12 5225
1 5229
5 5229
8 5229
4 5233
6 5233
9 5233
0 5235
2 5235
4 5238
6 5238
10 5238
11 5238
0 5240
4 5244
0 5247
1 5247
5 5247
6 5247
1 5253
3 5256
3 5259
4 5259
6 5259
9 5259
4 5260
8 5260
9 5260
10 5260
4 5260
8 5260
0 5261
0 5263
4 5263
3 5266
1 5266
4 5266
3 5268
5 5268
9 5268
3 5270
1 5272
5 5272
0 5273
2 5273
4 5273
6 5273
2 5273
0 5276
2 5276
4 5276
6 5276
4 5279
1 5283
3 5283
4 5283
5 5283
6 5283
4 5286
5 5286
6 5286
8 5286
0 5288
0 5294
2 5294
5 5294
4 5297
7 5297
8 5297
2 5298
4 5298
8 5298
0 5302
0 5304
2 5304
5 5304
9 5304
0 5314
2 5314
6 5314
1 5316
0 5317
2 5317
4 5317
0 5318
2 5318
6 5318
9 5318
4 5322
0 5325
2 5325
4 5327
1 5330
5 5330
2 5333
6 5333
3 5334
7 5334
4 5334
4 5334
4 5334
3 5336
4 5336
5 5336
7 5336
2 5337
3 5337
7 5337
1 5337
4 5337
8 5337
10 5337
1 5341
5 5341
9 5341
13 5341
2 5342
6 5342
9 5342
2 5343
6 5343
10 5343
13 5343
0 5347
2 5349
5 5349
6 5349
9 5349
1 5353
4 5353
3 5355
3 5359
5 5359
1 5363
2 5363
6 5363
0 5364
4 5364
6 5364
8 5364
1 5368
4 5368
0 5370
4 5370
1 5371
3 5371
4 5374
6 5374
7 5374
11 5374
0 5377
1 5377
5 5377
8 5377
1 5381
3 5381
5 5381
6 5381
0 5385
4 5385
2 5387
3 5392
0 5397
2 5397
3 5397
7 5397
1 5398
5 5398
6 5398
3 5401
4 5401
0 5402
2 5402
3 5402
5 5402
4 5408
5 5408
3 5410
4 5410
7 5410
11 5410
3 5413
3 5417
4 5424
8 5424
9 5424
11 5424
2 5425
5 5425
7 5425
3 5426
2 5428
2 5429
5 5429
8 5429
11 5429
0 5434
2 5434
3 5434
3 5435
4 5442
7 5442
10 5442
13 5442
1 5445
4 5445
5 5445
7 5445
2 5446
5 5446
8 5446
1 5454
4 5454
4 5454
8 5454
10 5454
1 5455
1 5459
5 5459
8 5459
2 5462
4 5462
8 5462
1 5463
2 5463
4 5463
0 5467
3 5467
4 5467
7 5467
1 5469
0 5472
2 5478
4 5478
6 5478
1 5478
4 5486
7 5486
11 5486
3 5486
5 5486
7 5486
1 5490
3 5490
4 5490
1 5493
2 5495
4 5495
6 5495
9 5495
4 5497
6 5497
8 5497
11 5497
2 5500
6 5500
10 5500
14 5500
0 5503
2 5503
3 5503
4 5507
6 5507
9 5507
11 5507
4 5508
7 5508
10 5508
13 5508
0 5512
2 5512
6 5512
7 5512
4 5513
8 5513
10 5513
12 5513
3 5517
4 5517
6 5517
4 5521
2 5525
3 5525
4 5525
7 5525
3 5530
4 5533
5 5533
6 5533
0 5534
2 5534
3 5534
7 5534
2 5534
4 5534
5 5534
6 5534
0 5536
4 5536
8 5536
9 5536
0 5539
3 5539
5 5539
1 5539
2 5544
5 5544
8 5544
12 5544
2 5546
3 5546
6 5546
7 5546
3 5549
7 5549
0 5550
4 5550
7 5550
2 5554
4 5554
7 5554
2 5558
2 5559
4 5559
6 5559
10 5559
3 5561
4 5561
7 5561
3 5565
4 5565
6 5565
0 5569
4 5569
6 5569
10 5569
2 5571
5 5571
9 5571
10 5571
3 5573
4 5577
7 5577
9 5577
11 5577
0 5579
2 5579
5 5579
0 5579
3 5585
2 5585
3 5585
3 5588
6 5588
8 5588
4 5590
8 5590
10 5590
4 5594
8 5594
11 5594
12 5594
1 5598
1 5601
4 5601
4 5604
8 5604
2 5604
3 5604
4 5604
6 5604
4 5609
7 5609
0 5609
2 5609
6 5609
8 5609
0 5609
4 5609
8 5609
4 5609
7 5609
10 5609
1 5609
5 5609
2 5617
5 5617
9 5617
1 5620
4 5620
7 5620
9 5620
0 5623
3 5623
0 5624
4 5624
6 5624
0 5627
3 5627
4 5627
0 5628
3 5628
4 5628
8 5628
0 5632
1 5632
4 5636
5 5636
0 5642
3 5642
7 5642
11 5642
1 5645
2 5645
1 5649
4 5649
7 5649
10 5649
13 5649
0 5653
2 5653
0 5666
3 5666
7 5666
0 5673
1 5677
1 5679
0 5681
3 5681
5 5681
6 5681
3 5685
6 5685
8 5685
12 5685
0 5689
4 5689
8 5689
12 5689
16 5689
3 5699
7 5699
9 5699
3 5702
1 5704
1 5708
4 5708
8 5708
11 5708
1 5710
2 5710
6 5710
2 5713
6 5713
7 5713
10 5713
1 5717
1 5721
3 5721
5 5721
1 5724
1 5728
2 5732
3 5735
6 5735
8 5735
10 5735
4 5737
5 5737
1 5739
4 5739
5 5739
2 5743
4 5745
5 5745
6 5745
7 5745
0 5747
2 5747
4 5747
2 5749
3 5752
7 5752
3 5756
5 5756
3 5758
7 5758
8 5758
11 5758
2 5759
3 5762
2 5765
3 5765
4 5765
6 5765
0 5767
0 5777
2 5777
1 5777
2 5779
5 5779
8 5779
2 5783
6 5783
3 5786
7 5786
4 5788
7 5788
9 5788
1 5788
4 5788
6 5788
10 5788
4 5788
7 5788
9 5788
2 5791
6 5791
9 5791
0 5792
3 5797
5 5797
8 5797
1 5800
2 5800
5 5800
9 5800
2 5804
5 5804
6 5804
2 5806
6 5806
10 5806
2 5807
4 5807
8 5807
0 5808
3 5808
4 5808
7 5808
4 5810
5 5810
6 5810
3 5811
6 5811
7 5811
11 5811
4 5811
3 5820
6 5820
0 5823
4 5823
5 5823
9 5823
4 5825
7 5825
8 5825
11 5825
0 5825
2 5825
3 5828
6 5828
10 5828
12 5828
4 5829
7 5829
8 5829
10 5829
4 5832
8 5832
12 5832
1 5833
2 5837
4 5840
5 5840
1 5842
2 5844
3 5844
2 5844
1 5846
2 5846
6 5846
4 5848
7 5848
11 5848
15 5848
4 5848
1 5851
1 5854
4 5854
0 5854
2 5854
2 5856
6 5856
3 5858
4 5858
8 5858
0 5861
1 5861
4 5861
2 5863
3 5863
7 5863
0 5863
1 5863
2 5866
6 5866
10 5866
13 5866
0 5868
2 5868
5 5868
4 5872
5 5872
1 5877
4 5877
8 5877
1 5882
5 5882
7 5882
11 5882
0 5883
1 5883
2 5883
3 5883
1 5886
3 5886
2 5890
6 5890
2 5890
4 5890
1 5892
2 5899
4 5899
0 5902
4 5902
0 5908
3 5908
7 5908
10 5908
2 5910
3 5910
7 5910
11 5910
1 5914
2 5918
4 5918
5 5918
4 5919
6 5919
8 5919
12 5919
4 5919
7 5919
10 5919
12 5919
1 5922
2 5922
5 5922
3 5924
5 5924
7 5924
10 5924
0 5926
3 5928
3 5936
0 5941
3 5941
7 5941
2 5944
6 5944
1 5950
4 5954
6 5954
8 5954
1 5954
5 5954
8 5954
9 5954
1 5955
4 5955
3 5956
0 5957
2 5958
3 5958
4 5958
0 5961
4 5961
8 5961
1 5965
3 5968
4 5971
3 5973
5 5973
9 5973
1 5976
2 5976
5 5976
7 5976
1 5979
5 5979
8 5979
3 5979
4 5979
2 5981
4 5981
6 5981
3 5982
7 5982
10 5982
2 5984
4 5984
0 5986
4 5986
5 5986
0 5987
4 5989
1 5991
1 5991
4 5991
7 5991
8 5991
3 5993
7 5993
11 5993
1 6005
5 6005
8 6005
12 6005
2 6007
3 6007
7 6007
10 6007
2 6008
2 6010
6 6010
7 6010
3 6014
4 6014
8 6014
10 6014
1 6017
4 6017
4 6020
8 6020
4 6025
8 6025
11 6025
1 6029
2 6029
4 6029
4 6030
8 6030
4 6038
3 6041
3 6043
6 6043
4 6044
7 6044
9 6044
11 6044
0 6047
3 6047
7 6047
9 6047
0 6051
4 6051
6 6051
0 6052
2 6052
6 6052
4 6054
6 6054
3 6056
4 6063
8 6063
10 6063
0 6068
1 6068
4 6068
7 6068
2 6072
0 6076
3 6076
6 6076
7 6076
0 6079
3 6082
5 6082
9 6082
2 6084
5 6084
0 6084
4 6084
3 6086
1 6092
3 6092
6 6092
4 6092
4 6095
8 6095
0 6095
3 6095
4 6097
5 6097
6 6097
7 6097
0 6098
2 6098
0 6099
2 6099
5 6099
7 6099
0 6099
3 6099
4 6099
5 6099
1 6100
3 6100
6 6100
10 6100
14 6100
3 6100
4 6100
5 6100
8 6100
1 6103
2 6103
5 6103
3 6103
0 6104
2 6104
1 6106
2 6106
1 6110
5 6110
2 6111
3 6111
4 6111
4 6114
8 6114
1 6114
2 6117
2 6120
6 6120
9 6120
0 6122
1 6122
4 6122
0 6125
3 6125
7 6125
10 6125
4 6126
7 6126
1 6130
4 6130
4 6130
7 6130
8 6130
12 6130
3 6134
7 6134
4 6135
7 6135
9 6135
11 6135
4 6135
6 6135
0 6138
4 6139
2 6140
4 6140
6 6140
8 6140
1 6142
5 6142
6 6142
4 6146
6 6146
3 6149
5 6149
7 6149
11 6149
3 6150
4 6150
8 6150
2 6152
3 6152
7 6152
0 6156
1 6156
4 6159
5 6159
9 6159
0 6161
2 6161
3 6162
7 6162
10 6162
13 6162
4 6163
0 6167
1 6167
3 6167
6 6167
2 6170
5 6170
2 6173
3 6173
5 6173
8 6173
1 6176
5 6176
6 6176
3 6179
4 6179
4 6181
3 6183
0 6185
1 6185
3 6185
4 6185
3 6186
6 6186
0 6187
3 6188
7 6188
10 6188
2 6189
6 6189
7 6189
10 6189
0 6191
3 6191
7 6191
10 6191
0 6193
3 6195
7 6195
3 6196
4 6196
7 6196
3 6196
6 6196
10 6196
11 6196
4 6200
5 6200
7 6200
8 6200
4 6204
8 6204
10 6204
4 6208
5 6208
0 6209
2 6209
4 6209
3 6212
7 6212
8 6212
0 6219
2 6219
6 6219
4 6223
6 6223
10 6223
13 6223
1 6225
2 6225
4 6225
6 6225
4 6230
2 6236
6 6236
9 6236
3 6242
6 6242
3 6244
3 6244
6 6244
4 6248
4 6250
8 6250
3 6252
7 6252
4 6256
8 6256
9 6256
10 6256
0 6258
4 6258
1 6260
4 6260
7 6260
4 6263
8 6263
11 6263
13 6263
3 6267
3 6269
7 6269
11 6269
12 6269
4 6273
8 6273
0 6274
1 6278
3 6278
5 6278
4 6284
5 6284
1 6284
4 6284
8 6284
0 6288
2 6288
4 6288
5 6288
3 6289
7 6289
11 6289
1 6292
0 6294
4 6294
7 6294
11 6294
0 6294
3 6295
5 6295
9 6295
0 6295
0 6297
2 6297
6 6297
1 6300
3 6300
4 6301
7 6301
8 6301
1 6301
4 6301
8 6301
10 6301
13 6301
1 6305
3 6305
2 6309
4 6309
7 6309
0 6317
2 6317
4 6320
5 6320
9 6320
13 6320
3 6324
6 6324
10 6324
3 6325
3 6326
4 6326
4 6329
2 6333
4 6333
0 6337
1 6340
3 6340
7 6340
2 6345
5 6345
8 6345
9 6345
2 6349
4 6349
5 6349
6 6349
2 6354
1 6357
4 6360
6 6360
8 6360
3 6361
6 6361
1 6361
5 6361
4 6364
6 6364
0 6366
0 6368
3 6368
7 6368
9 6368
0 6369
3 6369
0 6372
1 6372
5 6372
7 6372
2 6373
3 6375
0 6377
1 6377
5 6377
1 6377
3 6378
5 6378
1 6381
1 6381
5 6381
2 6381
4 6381
7 6381
3 6381
7 6381
0 6385
0 6386
1 6386
5 6386
3 6389
4 6393
2 6395
5 6395
9 6395
13 6395
3 6397
7 6397
8 6397
1 6403
5 6403
6 6403
10 6403
3 6406
1 6407
4 6407
8 6407
11 6407
4 6409
4 6409
7 6409
2 6413
4 6413
7 6413
8 6413
4 6413
1 6414
0 6419
4 6419
6 6419
4 6419
2 6422
2 6425
0 6426
4 6426
7 6426
1 6429
4 6429
5 6429
0 6429
2 6429
4 6429
7 6429
0 6433
1 6433
3 6437
6 6437
7 6437
0 6440
2 6440
5 6440
3 6444
5 6444
9 6444
1 6446
5 6446
0 6449
4 6449
5 6449
8 6449
4 6449
0 6450
4 6450
6 6450
4 6450
5 6450
4 6453
5 6453
6 6453
9 6453
1 6457
5 6457
6 6457
1 6459
5 6459
7 6459
2 6460
3 6460
7 6460
10 6460
3 6464
7 6464
10 6464
11 6464
2 6469
6 6469
8 6469
4 6470
8 6470
4 6471
5 6471
9 6471
10 6471
0 6473
1 6473
2 6473
4 6473
4 6476
5 6476
4 6478
1 6480
5 6480
7 6480
10 6480
2 6484
1 6484
4 6484
6 6484
8 6484
3 6484
7 6484
0 6486
0 6488
4 6489
7 6489
10 6489
0 6491
3 6491
2 6494
4 6494
5 6494
4 6496
1 6499
5 6499
2 6500
3 6500
7 6500
8 6500
2 6501
2 6505
3 6505
4 6505
2 6505
6 6505
10 6505
12 6505
2 6509
5 6509
9 6509
3 6510
1 6510
4 6510
0 6513
3 6513
4 6513
0 6515
2 6516
3 6516
0 6520
3 6520
4 6523
6 6523
9 6523
2 6526
4 6526
3 6532
5 6532
9 6532
13 6532
2 6536
4 6536
7 6536
4 6540
8 6540
3 6543
5 6543
0 6543
3 6543
2 6545
3 6548
5 6548
3 6548
7 6548
9 6548
10 6548
1 6552
1 6556
3 6556
4 6556
2 6556
6 6556
7 6556
11 6556
2 6557
4 6557
7 6557
0 6558
4 6558
1 6558
2 6558
5 6558
6 6558
1 6560
3 6560
7 6560
8 6560
4 6562
5 6562
7 6562
9 6562
3 6564
7 6564
4 6566
6 6566
9 6566
10 6566
1 6566
3 6566
2 6570
6 6570
3 6573
5 6573
6 6573
9 6573
2 6577
6 6577
7 6577
8 6577
2 6579
6 6579
8 6579
9 6579
0 6579
1 6579
5 6579
7 6579
4 6585
6 6585
8 6585
0 6588
0 6590
1 6590
2 6591
5 6591
3 6592
4 6593
7 6593
10 6593
0 6594
1 6594
2 6594
6 6594
0 6595
4 6595
0 6598
1 6598
5 6598
8 6598
0 6598
3 6602
6 6602
1 6602
2 6603
5 6603
6 6603
3 6605
7 6605
2 6608
3 6608
6 6608
9 6608
2 6611
5 6611
7 6611
8 6611
2 6612
6 6612
9 6612
2 6614
3 6614
4 6616
8 6616
4 6616
0 6617
2 6617
4 6617
2 6619
2 6623
5 6623
6 6623
10 6623
0 6624
4 6624
7 6624
0 6625
3 6626
6 6626
7 6626
11 6626
3 6626
6 6626
7 6626
10 6626
3 6629
4 6633
5 6633
2 6633
3 6633
4 6634
7 6634
1 6638
0 6642
1 6642
4 6642
3 6646
5 6646
1 6649
2 6649
3 6649
4 6649
3 6649
4 6649
1 6651
5 6651
0 6654
4 6654
3 6660
7 6660
2 6661
1 6665
3 6665
4 6668
5 6668
0 6672
2 6672
5 6672
6 6672
0 6673
2 6673
3 6673
7 6673
0 6674
4 6674
5 6674
0 6674
4 6674
8 6674
11 6674
1 6675
3 6675
7 6675
4 6683
7 6683
10 6683
11 6683
4 6683
8 6683
10 6683
12 6683
0 6683
2 6683
3 6683
4 6683
0 6693
2 6693
4 6693
7 6693
2 6697
5 6697
7 6697
8 6697
4 6701
7 6701
8 6701
1 6703
3 6703
2 6704
5 6704
8 6704
9 6704
2 6710
3 6713
4 6713
5 6713
8 6713
3 6717
1 6717
4 6717
8 6717
3 6721
4 6721
5 6721
4 6721
7 6721
10 6721
2 6723
3 6723
3 6723
6 6723
7 6723
9 6723
1 6725
2 6725
4 6725
3 6732
7 6732
10 6732
4 6738
6 6738
1 6742
3 6742
4 6742
2 6742
0 6742
1 6742
2 6742
0 6743
3 6743
4 6743
8 6743
4 6744
7 6744
10 6744
12 6744
4 6745
7 6745
8 6745
3 6745
7 6745
9 6745
1 6748
1 6749
2 6749
6 6749
10 6749
1 6750
2 6750
5 6750
1 6752
3 6752
2 6753
3 6753
7 6753
8 6753
2 6757
5 6757
7 6757
0 6760
2 6760
5 6760
2 6764
3 6764
3 6765
4 6765
6 6765
8 6765
2 6765
6 6765
7 6765
8 6765
0 6768
1 6772
5 6772
0 6772
1 6774
5 6774
6 6774
2 6776
5 6776
6 6776
0 6778
1 6778
3 6779
5 6779
2 6785
3 6787
4 6787
8 6787
9 6787
2 6788
6 6788
10 6788
14 6788
2 6788
5 6788
1 6789
5 6789
8 6789
4 6793
8 6793
9 6793
2 6796
6 6796
9 6796
3 6800
6 6800
9 6800
2 6804
3 6804
7 6804
8 6804
1 6805
3 6805
1 6807
3 6807
6 6807
1 6810
5 6810
6 6810
7 6810
1 6811
3 6815
1 6820
4 6823
2 6828
6 6828
10 6828
1 6831
3 6832
5 6832
7 6832
8 6832
4 6833
6 6833
2 6834
1 6837
2 6837
4 6837
8 6837
2 6840
6 6840
3 6840
6 6840
10 6840
14 6840
2 6842
3 6842
6 6842
8 6842
2 6843
5 6843
8 6843
9 6843
0 6847
0 6847
4 6847
5 6847
1 6850
0 6850
3 6851
4 6856
6 6856
0 6858
2 6858
5 6858
3 6859
6 6859
3 6863
7 6863
11 6863
4 6864
6 6864
1 6866
4 6866
5 6866
3 6872
7 6872
1 6873
2 6873
6 6873
3 6877
7 6877
1 6880
5 6880
6 6880
2 6882
3 6882
4 6882
2 6886
2 6887
5 6887
4 6891
4 6894
8 6894
11 6894
13 6894
2 6899
4 6899
5 6899
8 6899
0 6899
2 6899
0 6901
4 6901
8 6901
0 6904
3 6904
0 6908
4 6913
6 6913
2 6913
6 6913
7 6913
4 6917
5 6917
6 6917
8 6917
0 6921
2 6921
6 6921
4 6925
0 6926
1 6926
4 6926
8 6926
10 6926
2 6929
3 6929
1 6932
5 6932
2 6940
3 6940
6 6940
4 6942
8 6942
11 6942
15 6942
3 6944
5 6944
7 6944
1 6948
5 6948
8 6948
12 6948
1 6951
1 6954
4 6954
3 6957
1 6958
5 6958
8 6958
0 6961
3 6961
0 6964
1 6964
5 6964
1 6965
2 6965
1 6967
5 6967
8 6967
11 6967
2 6974
6 6974
8 6974
10 6974
3 6976
4 6976
5 6976
7 6976
1 6979
5 6979
1 6980
2 6981
4 6981
1 6984
2 6984
3 6984
6 6984
7 6984
9 6984
2 6986
5 6986
9 6986
1 6987
5 6987
4 6989
6 6989
10 6989
11 6989
0 6991
2 6991
0 6993
4 6993
7 6993
1 6994
3 6994
5 6994
8 6994
2 6997
3 6997
3 7001
1 7008
2 7008
5 7008
8 7008
3 7009
6 7009
0 7011
4 7011
4 7013
3 7013
5 7013
9 7013
11 7013
3 7013
3 7015
5 7015
8 7015
9 7015
4 7016
6 7016
3 7019
7 7019
8 7019
1 7022
4 7022
6 7022
9 7022
3 7026
3 7029
4 7029
6 7029
9 7029
1 7033
2 7036
5 7036
8 7036
12 7036
2 7039
5 7039
7 7039
2 7042
6 7042
0 7043
4 7043
6 7043
10 7043
4 7043
6 7043
8 7043
9 7043
3 7044
6 7044
3 7048
4 7048
5 7048
7 7048
1 7051
5 7051
8 7051
4 7055
6 7055
9 7055
11 7055
4 7055
6 7055
10 7055
0 7059
0 7060
2 7060
4 7060
7 7060
3 7061
1 7062
4 7062
8 7062
2 7062
6 7062
7 7062
11 7062
3 7066
7 7066
10 7066
0 7069
4 7069
3 7069
4 7069
6 7069
9 7069
0 7073
0 7076
1 7076
5 7076
4 7082
7 7082
1 7084
4 7084
8 7084
1 7085
3 7085
1 7087
3 7087
5 7087
4 7090
5 7090
9 7090
0 7093
3 7093
0 7093
4 7096
6 7096
9 7096
12 7096
0 7096
4 7096
6 7096
8 7096
0 7096
4 7096
8 7096
10 7096
2 7097
4 7097
0 7099
3 7099
5 7099
9 7099
2 7102
0 7106
0 7109
4 7109
4 7109
8 7109
3 7111
7 7111
11 7111
15 7111
1 7115
3 7116
7 7116
8 7116
12 7116
1 7119
2 7121
0 7121
2 7121
4 7121
5 7121
2 7125
5 7125
7 7125
8 7125
3 7126
5 7126
9 7126
12 7126
4 7129
5 7129
6 7129
2 7133
0 7134
4 7134
0 7136
1 7136
5 7136
8 7136
0 7138
2 7138
5 7138
1 7140
4 7140
1 7141
4 7141
7 7141
8 7141
1 7146
3 7146
2 7150
0 7153
1 7153
5 7153
0 7157
2 7157
3 7159
1 7163
2 7164
4 7166
7 7166
1 7168
4 7168
3 7179
4 7179
7 7179
1 7182
3 7182
5 7182
3 7186
6 7186
1 7187
0 7188
4 7188
1 7191
3 7191
5 7191
1 7199
2 7199
5 7199
3 7203
3 7204
6 7204
9 7204
1 7211
2 7211
2 7213
4 7213
6 7213
10 7213
1 7216
4 7216
8 7216
12 7216
4 7216
6 7216
4 7216
8 7216
4 7219
1 7220
4 7220
8 7220
2 7224
6 7224
3 7224
1 7224
3 7224
5 7224
3 7230
5 7230
4 7232
6 7232
9 7232
3 7232
5 7232
6 7232
0 7234
3 7234
4 7234
6 7234
3 7235
3 7237
6 7237
1 7240
2 7244
5 7244
8 7244
1 7246
5 7246
8 7246
11 7246
1 7250
4 7250
5 7250
4 7251
6 7251
10 7251
2 7258
0 7260
1 7260
3 7260
1 7263
2 7263
4 7267
7 7267
11 7267
3 7268
4 7268
8 7268
9 7268
1 7270
2 7274
3 7274
0 7276
0 7282
4 7282
5 7282
6 7282
1 7284
2 7284
6 7284
1 7287
2 7287
5 7287
2 7287
5 7287
9 7287
2 7290
3 7290
0 7295
3 7295
7 7295
4 7295
5 7295
1 7295
4 7295
0 7299
3 7299
2 7299
4 7299
4 7303
5 7303
4 7304
5 7304
6 7304
2 7308
5 7308
9 7308
0 7309
1 7309
2 7312
6 7312
8 7312
9 7312
3 7315
6 7315
10 7315
1 7318
4 7318
6 7318
7 7318
2 7320
4 7320
5 7320
9 7320
0 7323
4 7323
5 7323
1 7328
4 7328
5 7328
0 7332
2 7332
3 7332
1 7335
2 7335
1 7335
2 7335
4 7335
4 7337
6 7337
10 7337
13 7337
4 7337
8 7337
9 7337
0 7340
3 7340
2 7342
4 7342
7 7342
10 7342
4 7350
7 7350
11 7350
3 7353
6 7353
10 7353
13 7353
1 7354
3 7354
7 7354
11 7354
2 7355
3 7355
5 7355
9 7355
4 7355
5 7355
6 7355
7 7355
2 7355
3 7355
4 7355
6 7355
4 7357
3 7359
3 7362
3 7365
7 7365
10 7365
1 7367
1 7371
2 7371
3 7371
3 7380
7 7380
1 7384
5 7384
3 7392
5 7392
8 7392
2 7393
3 7393
1 7395
1 7397
3 7398
4 7398
8 7398
9 7398
3 7402
4 7406
8 7406
0 7406
1 7406
3 7406
1 7409
4 7409
0 7413
1 7417
3 7417
7 7417
8 7417
3 7421
5 7421
4 7424
5 7424
4 7434
7 7434
8 7434
9 7434
3 7435
5 7435
1 7435
4 7435
7 7435
11 7435
0 7438
4 7438
0 7438
3 7438
7 7438
11 7438
1 7439
5 7439
6 7439
1 7440
2 7440
6 7440
7 7440
3 7442
2 7443
5 7443
6 7443
8 7443
3 7447
5 7447
8 7447
10 7447
2 7449
1 7451
2 7453
5 7453
9 7453
1 7456
5 7456
7 7456
0 7460
3 7460
7 7460
9 7460
0 7461
4 7461
5 7461
2 7462
0 7463
4 7466
8 7466
9 7466
2 7467
4 7467
8 7467
2 7471
6 7471
1 7472
3 7472
4 7472
4 7473
7 7473
11 7473
1 7475
2 7475
5 7475
2 7478
2 7480
3 7480
1 7483
2 7483
4 7483
5 7483
0 7484
1 7484
3 7484
4 7485
6 7485
0 7487
4 7487
5 7487
0 7491
4 7491
8 7491
3 7493
4 7493
6 7493
0 7496
1 7496
5 7496
6 7496
4 7501
8 7501
0 7502
2 7503
5 7503
3 7505
6 7505
1 7505
3 7505
1 7512
5 7512
3 7512
6 7512
10 7512
3 7512
7 7512
3 7521
4 7521
7 7521
9 7521
1 7523
2 7523
6 7523
3 7526
7 7526
10 7526
12 7526
4 7526
3 7526
2 7526
4 7526
1 7530
4 7530
6 7530
3 7532
7 7532
11 7532
2 7533
4 7533
7 7533
2 7537
5 7537
1 7540
5 7540
3 7540
5 7540
2 7542
5 7542
6 7542
9 7542
4 7544
4 7547
3 7549
0 7550
4 7550
4 7550
1 7551
4 7552
7 7552
11 7552
13 7552
4 7552
8 7552
11 7552
4 7558
8 7558
2 7562
6 7562
9 7562
3 7563
1 7566
4 7566
6 7566
10 7566
0 7567
3 7567
6 7567
10 7567
0 7571
4 7571
7 7571
3 7574
3 7574
0 7574
2 7574
3 7574
3 7574
6 7574
4 7575
7 7575
10 7575
12 7575
3 7577
3 7577
6 7577
8 7577
1 7580
2 7586
0 7588
0 7592
3 7592
4 7596
8 7596
9 7596
13 7596
2 7596
3 7596
7 7596
11 7596
3 7599
3 7601
5 7601
7 7601
0 7601
4 7601
2 7605
1 7605
4 7605
5 7605
3 7611
7 7611
11 7611
14 7611
1 7614
4 7616
0 7620
2 7620
4 7620
7 7620
4 7621
6 7621
9 7621
0 7622
3 7622
1 7625
2 7625
5 7625
9 7625
3 7628
2 7632
4 7632
7 7632
10 7632
0 7639
4 7639
7 7639
8 7639
1 7639
2 7640
3 7641
2 7645
4 7645
8 7645
2 7645
4 7645
5 7645
1 7653
3 7653
4 7653
7 7653
2 7655
3 7655
6 7655
8 7655
3 7656
7 7656
8 7656
0 7659
4 7661
7 7661
9 7661
12 7661
4 7664
7 7664
10 7664
11 7664
1 7666
4 7666
6 7666
2 7667
5 7667
0 7674
4 7674
8 7674
12 7674
2 7676
1 7678
5 7678
3 7681
5 7681
6 7681
2 7683
3 7683
2 7683
5 7683
2 7687
4 7687
7 7687
4 7691
6 7691
10 7691
11 7691
4 7693
2 7697
4 7697
5 7697
3 7700
6 7700
8 7700
3 7704
0 7708
1 7708
3 7708
2 7709
1 7711
5 7711
7 7711
1 7715
2 7715
4 7715
0 7716
3 7716
3 7722
5 7722
9 7722
11 7722
2 7726
3 7726
4 7726
6 7726
4 7729
4 7729
8 7729
10 7729
11 7729
0 7729
1 7729
1 7733
4 7733
2 7737
4 7737
3 7739
7 7739
11 7739
13 7739
1 7740
0 7742
4 7742
5 7742
4 7743
6 7743
7 7743
1 7744
5 7744
2 7744
3 7744
0 7746
2 7750
6 7750
7 7750
0 7753
1 7753
2 7755
6 7755
10 7755
2 7756
6 7756
8 7756
0 7756
3 7756
4 7756
2 7757
5 7757
0 7760
2 7763
4 7763
5 7763
0 7765
4 7769
8 7769
1 7772
5 7772
6 7772
1 7773
3 7773
4 7777
6 7777
10 7777
13 7777
3 7780
4 7780
8 7780
1 7783
2 7783
4 7786
8 7786
10 7786
13 7786
1 7786
4 7786
5 7786
4 7788
5 7788
1 7790
3 7790
4 7790
7 7790
3 7792
1 7793
4 7793
5 7793
7 7793
3 7796
7 7796
11 7796
12 7796
1 7797
3 7797
3 7799
4 7799
5 7799
6 7799
1 7802
4 7802
0 7803
2 7803
2 7804
5 7804
6 7804
0 7804
3 7804
2 7807
5 7807
8 7807
10 7807
2 7811
0 7811
2 7811
1 7813
3 7813
6 7813
2 7815
0 7819
4 7819
5 7819
6 7819
4 7821
8 7821
12 7821
14 7821
1 7824
4 7824
2 7827
5 7827
8 7827
12 7827
3 7828
1 7832
3 7832
4 7835
5 7835
1 7838
4 7845
6 7845
9 7845
0 7856
1 7856
5 7856
0 7860
2 7860
4 7860
8 7860
4 7869
5 7869
7 7869
9 7869
3 7870
7 7870
11 7870
4 7872
3 7874
5 7874
9 7874
13 7874
3 7878
6 7878
7 7878
0 7882
4 7884
7 7884
2 7884
2 7886
4 7886
7 7886
2 7894
3 7894
0 7896
4 7896
4 7900
5 7900
1 7903
2 7903
3 7903
6 7903
3 7904
4 7904
6 7904
0 7911
4 7915
5 7915
9 7915
12 7915
0 7919
0 7921
1 7924
3 7924
7 7924
8 7924
4 7927
1 7931
5 7931
8 7931
10 7931
0 7935
1 7935
5 7935
4 7935
7 7935
4 7936
6 7936
7 7936
11 7936
3 7936
4 7936
8 7936
1 7940
3 7940
7 7940
9 7940
3 7944
2 7946
4 7946
8 7946
2 7948
2 7953
6 7953
7 7953
11 7953
3 7957
2 7959
6 7959
10 7959
11 7959
4 7963
7 7963
11 7963
1 7968
3 7968
6 7968
1 7971
3 7971
2 7974
5 7974
2 7974
5 7974
3 7974
2 7975
2 7979
4 7979
3 7981
4 7981
2 7983
2 7986
6 7986
7 7986
11 7986
1 7987
3 7987
4 7987
6 7987
3 7990
5 7990
3 7991
7 7991
0 7991
1 7991
5 7991
0 7991
4 7991
4 7993
6 7993
9 7993
2 7995
4 7995
1 7997
5 7997
0 7998
1 8000
2 8001
5 8001
6 8001
8 8001
4 8001
0 8002
1 8002
4 8002
0 8003
3 8003
4 8003
3 8004
0 8007
3 8007
2 8007
3 8007
4 8008
5 8008
0 8011
3 8014
4 8014
7 8014
2 8018
4 8018
6 8018
4 8020
2 8023
4 8025
8 8025
4 8025
8 8025
9 8025
13 8025
1 8025
2 8025
5 8025
1 8027
2 8027
1 8030
3 8030
1 8031
2 8031
3 8035
6 8035
9 8035
3 8036
6 8036
7 8036
8 8036
1 8039
3 8039
4 8044
7 8044
10 8044
1 8045
4 8045
8 8045
3 8052
3 8057
6 8057
10 8057
1 8060
2 8060
3 8060
6 8060
1 8060
5 8060
6 8060
9 8060
0 8061
4 8064
5 8064
8 8064
4 8068
6 8068
10 8068
13 8068
2 8068
5 8068
7 8068
8 8068
4 8068
8 8068
1 8071
4 8071
8 8071
12 8071
2 8072
4 8072
4 8072
8 8072
10 8072
12 8072
0 8075
4 8075
7 8075
4 8078
6 8078
1 8078
2 8078
0 8079
3 8079
1 8081
5 8081
9 8081
10 8081
2 8089
6 8089
7 8089
2 8093
2 8097
3 8097
5 8097
3 8099
4 8099
8 8099
1 8101
5 8101
7 8101
11 8101
0 8106
1 8106
4 8106
0 8110
3 8110
4 8110
6 8110
0 8114
2 8114
6 8114
9 8114
4 8116
5 8116
9 8116
4 8116
6 8116
10 8116
12 8116
2 8116
2 8116
5 8116
9 8116
12 8116
0 8117
4 8117
7 8117
4 8126
5 8126
9 8126
10 8126
2 8129
6 8129
9 8129
11 8129
4 8129
3 8130
6 8130
9 8130
10 8130
1 8133
3 8133
6 8133
7 8133
1 8136
2 8136
6 8136
0 8139
1 8139
5 8139
8 8139
0 8139
4 8139
7 8139
11 8139
1 8141
4 8144
3 8147
6 8147
2 8149
4 8149
5 8149
6 8149
1 8150
1 8150
3 8150
3 8153
6 8153
9 8153
10 8153
4 8157
0 8161
3 8161
4 8161
0 8165
2 8165
3 8165
6 8165
0 8169
1 8171
3 8171
5 8171
8 8171
2 8172
3 8172
6 8172
10 8172
0 8172
4 8176
5 8176
8 8176
10 8176
3 8179
7 8179
0 8180
4 8180
4 8181
7 8181
11 8181
13 8181
2 8182
3 8182
3 8185
3 8188
5 8188
9 8188
13 8188
1 8192
4 8194
7 8194
3 8196
5 8196
6 8196
8 8196
3 8200
5 8200
1 8200
4 8205
2 8207
5 8207
2 8209
3 8209
3 8212
1 8216
2 8216
5 8216
3 8224
6 8224
9 8224
10 8224
3 8226
6 8226
10 8226
0 8227
2 8228
6 8228
2 8228
4 8228
5 8228
1 8228
3 8228
5 8228
4 8234
6 8234
7 8234
9 8234
4 8239
1 8242
3 8247
4 8247
6 8247
2 8251
0 8255
2 8255
5 8255
1 8256
3 8260
3 8262
6 8262
7 8262
4 8263
3 8267
5 8267
7 8267
4 8268
8 8268
3 8268
1 8272
5 8272
6 8272
3 8275
6 8275
8 8275
10 8275
0 8275
3 8275
4 8275
5 8275
2 8276
3 8276
4 8279
6 8279
10 8279
12 8279
4 8279
8 8279
9 8279
4 8284
8 8284
4 8286
6 8286
7 8286
2 8290
4 8291
7 8291
1 8295
3 8295
2 8299
4 8299
8 8299
2 8299
4 8303
6 8303
8 8303
9 8303
4 8306
8 8306
9 8306
10 8306
0 8306
4 8306
6 8306
3 8310
7 8310
11 8310
4 8312
0 8314
0 8315
2 8315
4 8315
6 8315
9 8315
4 8320
2 8324
6 8324
3 8326
1 8330
2 8330
5 8330
9 8330
0 8336
2 8338
5 8338
2 8341
0 8342
2 8342
0 8342
0 8345
3 8345
1 8348
4 8348
7 8348
10 8348
2 8354
3 8354
3 8354
7 8354
4 8355
5 8355
3 8355
1 8358
4 8358
8 8358
10 8358
1 8358
4 8358
1 8367
4 8370
7 8370
10 8370
13 8370
3 8373
5 8373
8 8373
11 8373
0 8377
3 8377
6 8377
8 8377
3 8381
4 8383
3 8387
5 8387
8 8387
10 8387
1 8391
2 8391
0 8394
0 8398
3 8398
7 8398
8 8398
4 8402
8 8402
12 8402
15 8402
0 8403
3 8405
5 8405
9 8405
1 8405
3 8405
5 8405
6 8405
1 8406
0 8406
4 8406
8 8406
11 8406
13 8406
4 8406
3 8406
4 8406
5 8406
6 8406
2 8408
3 8408
4 8408
5 8408
3 8411
1 8413
2 8413
2 8416
3 8416
5 8416
6 8416
3 8418
4 8421
3 8421
2 8428
3 8428
2 8429
4 8429
0 8430
3 8430
5 8430
1 8432
2 8432
6 8432
10 8432
2 8432
4 8432
7 8432
2 8435
6 8435
10 8435
3 8436
6 8436
2 8437
5 8437
6 8437
1 8440
3 8440
1 8442
5 8442
3 8446
7 8446
10 8446
13 8446
3 8446
5 8446
8 8446
2 8450
0 8453
0 8453
3 8453
5 8453
6 8453
1 8457
2 8457
4 8457
0 8459
3 8459
0 8463
2 8463
6 8463
8 8463
2 8474
5 8474
7 8474
4 8477
7 8477
8 8477
1 8478
2 8478
4 8482
6 8482
4 8484
5 8484
9 8484
0 8484
3 8485
5 8485
1 8485
4 8485
0 8485
2 8485
3 8486
7 8486
3 8490
1 8491
2 8491
3 8493
5 8493
6 8493
1 8496
3 8496
4 8500
8 8500
10 8500
1 8504
4 8504
2 8506
0 8509
1 8514
2 8514
3 8514
5 8514
4 8514
6 8514
0 8517
2 8520
4 8520
8 8520
4 8522
4 8525
5 8525
8 8525
12 8525
1 8528
2 8530
3 8530
7 8530
11 8530
1 8534
2 8534
6 8534
8 8534
4 8536
4 8537
6 8537
4 8541
5 8541
1 8543
1 8546
1 8549
3 8549
5 8549
6 8549
2 8553
5 8553
9 8553
12 8553
1 8556
3 8556
5 8556
2 8559
3 8559
7 8559
0 8563
1 8563
3 8563
4 8563
3 8567
5 8567
9 8567
13 8567
4 8569
6 8569
10 8569
13 8569
4 8572
8 8572
3 8576
4 8576
3 8577
6 8577
8 8577
10 8577
2 8578
3 8578
4 8580
8 8580
4 8581
8 8581
1 8582
3 8582
1 8585
3 8585
0 8588
1 8588
4 8588
1 8588
4 8588
7 8588
4 8594
6 8594
8 8594
0 8597
3 8597
4 8597
0 8597
3 8598
1 8598
5 8598
6 8598
7 8598
4 8602
4 8606
6 8606
10 8606
14 8606
4 8609
7 8609
0 8611
1 8611
2 8611
5 8611
8 8611
9 8611
4 8612
8 8612
9 8612
2 8612
3 8614
5 8614
1 8614
4 8617
5 8617
6 8617
8 8617
0 8620
0 8621
1 8621
2 8621
3 8626
7 8626
2 8627
2 8631
5 8631
0 8634
2 8634
3 8634
2 8636
6 8636
10 8636
11 8636
3 8639
2 8642
3 8642
5 8642
4 8643
5 8643
9 8643
3 8646
4 8646
8 8646
1 8649
0 8650
2 8650
1 8652
3 8652
4 8652
1 8656
5 8656
7 8656
10 8656
4 8660
8 8660
4 8663
4 8666
7 8666
9 8666
10 8666
4 8670
8 8670
3 8673
3 8673
7 8673
3 8677
6 8677
10 8677
14 8677
1 8678
2 8682
1 8682
5 8682
4 8683
7 8683
3 8687
4 8687
8 8687
12 8687
2 8689
3 8689
7 8689
8 8689
1 8691
5 8691
8 8691
11 8691
4 8693
2 8696
3 8696
5 8696
3 8699
5 8699
8 8699
2 8700
3 8700
4 8700
7 8700
0 8704
3 8704
5 8704
2 8710
6 8710
10 8710
13 8710
3 8714
4 8714
2 8716
2 8717
5 8717
0 8720
1 8720
3 8721
6 8721
8 8721
0 8723
2 8723
3 8723
5 8723
0 8723
4 8723
6 8723
2 8725
3 8725
4 8725
6 8725
1 8731
4 8731
5 8731
6 8731
2 8735
4 8736
6 8736
4 8736
6 8736
9 8736
0 8737
2 8739
3 8739
2 8744
4 8744
3 8748
4 8751
5 8751
1 8755
4 8758
8 8758
4 8758
6 8758
10 8758
4 8760
2 8763
5 8763
7 8763
9 8763
4 8767
4 8769
6 8769
10 8769
14 8769
3 8773
7 8773
10 8773
3 8774
1 8775
3 8775
4 8775
0 8778
1 8778
4 8779
5 8779
7 8779
8 8779
3 8782
1 8784
4 8784
5 8784
4 8785
0 8785
1 8785
3 8785
5 8785
1 8786
0 8787
1 8787
3 8787
1 8793
1 8795
4 8799
5 8799
9 8799
12 8799
3 8799
7 8799
8 8799
11 8799
1 8800
3 8800
2 8800
4 8800
1 8802
5 8802
8 8802
9 8802
4 8802
6 8802
10 8802
3 8803
5 8803
9 8803
3 8804
4 8804
7 8804
10 8804
4 8806
6 8806
7 8806
9 8806
2 8808
3 8808
6 8808
1 8810
5 8810
3 8811
6 8811
9 8811
4 8813
7 8813
4 8815
8 8815
10 8815
13 8815
2 8815
4 8815
7 8815
10 8815
3 8818
7 8818
9 8818
13 8818
2 8821
0 8823
3 8823
5 8823
1 8823
1 8823
5 8823
2 8823
5 8823
8 8823
3 8825
5 8825
9 8825
11 8825
2 8829
5 8829
7 8829
8 8829
0 8829
1 8829
0 8831
3 8831
7 8831
3 8835
7 8835
10 8835
13 8835
1 8835
2 8836
3 8836
4 8839
8 8839
11 8839
12 8839
4 8841
3 8841
3 8846
7 8846
10 8846
14 8846
4 8852
4 8855
2 8855
4 8855
0 8855
3 8855
7 8855
10 8855
13 8855
2 8858
6 8858
10 8858
14 8858
1 8859
4 8861
8 8861
2 8864
4 8864
8 8864
12 8864
2 8865
6 8865
9 8865
2 8865
5 8865
7 8865
1 8872
4 8872
6 8872
2 8875
4 8875
4 8878
8 8878
12 8878
4 8878
8 8878
10 8878
1 8879
4 8879
7 8879
9 8879
1 8880
0 8884
4 8884
5 8884
6 8884
4 8886
5 8886
8 8886
12 8886
3 8888
7 8888
11 8888
14 8888
3 8890
7 8890
3 8891
4 8891
1 8895
3 8895
4 8895
5 8895
2 8899
4 8899
6 8899
10 8899
0 8903
1 8907
3 8907
6 8907
3 8907
5 8907
9 8907
3 8908
7 8908
8 8908
3 8911
7 8911
10 8911
4 8915
1 8918
1 8918
2 8918
6 8918
3 8920
7 8920
1 8925
4 8925
8 8925
9 8925
2 8928
5 8928
9 8928
11 8928
0 8937
3 8937
1 8941
3 8943
4 8943
2 8946
0 8947
3 8947
1 8948
1 8949
2 8953
0 8955
1 8957
1 8960
5 8960
8 8960
11 8960
1 8961
1 8961
5 8961
6 8961
0 8964
2 8964
3 8964
0 8967
4 8967
8 8967
1 8968
4 8968
5 8968
1 8968
3 8968
7 8968
11 8968
2 8971
4 8971
7 8971
10 8971
4 8972
7 8972
10 8972
0 8974
1 8974
3 8974
7 8974
2 8978
3 8978
6 8978
9 8978
1 8978
2 8978
1 8981
5 8981
4 8984
5 8984
6 8984
0 8987
2 8991
0 8991
1 8991
4 8991
1 8993
2 8993
0 8993
3 8993
2 8993
5 8993
8 8993
2 8995
2 8997
3 8997
5 8997
2 8998
6 8998
7 8998
1 9001
5 9001
7 9001
3 9005
2 9008
4 9009
6 9009
1 9011
4 9011
6 9011
7 9011
1 9015
2 9017
4 9017
8 9017
1 9019
4 9021
6 9021
3 9025
2 9029
1 9033
5 9033
6 9033
9 9033
1 9034
5 9034
1 9036
3 9036
4 9040
1 9040
5 9040
8 9040
10 9040
3 9040
7 9040
1 9040
3 9043
7 9043
0 9051
4 9051
3 9054
0 9055
1 9059
3 9059
1 9061
4 9061
8 9061
4 9061
3 9065
4 9065
7 9065
1 9067
0 9069
1 9076
4 9076
8 9076
11 9076
0 9078
2 9078
3 9078
1 9079
4 9079
7 9079
4 9082
7 9082
3 9082
4 9082
8 9082
3 9085
5 9085
6 9085
9 9085
0 9087
1 9087
0 9090
4 9090
8 9090
10 9090
2 9090
4 9090
5 9090
9 9090
2 9093
0 9096
1 9096
4 9096
4 9099
5 9099
2 9102
4 9102
1 9106
4 9106
5 9106
6 9106
0 9106
4 9106
5 9106
1 9109
0 9112
4 9117
3 9118
5 9118
0 9122
3 9126
3 9129
6 9129
8 9129
3 9132
7 9132
11 9132
15 9132
1 9133
0 9134
3 9136
6 9136
7 9136
11 9136
0 9136
2 9138
6 9138
7 9138
10 9138
1 9140
3 9140
5 9140
7 9140
4 9142
7 9142
2 9142
4 9145
5 9145
7 9145
0 9146
3 9146
6 9146
0 9150
1 9150
3 9150
2 9154
3 9158
7 9158
9 9158
13 9158
3 9158
4 9158
6 9158
8 9158
0 9162
3 9162
7 9162
11 9162
1 9164
5 9164
1 9166
5 9166
7 9166
11 9166
0 9166
4 9170
3 9171
2 9174
5 9174
1 9178
2 9178
6 9178
1 9181
2 9183
4 9183
6 9183
9 9183
2 9183
6 9183
8 9183
1 9183
3 9183
7 9183
4 9187
5 9187
3 9193
5 9193
8 9193
11 9193
4 9193
5 9193
4 9197
3 9201
4 9201
2 9201
6 9201
7 9201
2 9205
6 9205
8 9205
3 9206
5 9206
1 9207
3 9207
4 9207
4 9208
8 9208
1 9212
2 9212
0 9212
3 9214
1 9214
2 9214
5 9214
6 9214
1 9216
4 9216
7 9216
4 9220
8 9220
12 9220
15 9220
2 9224
3 9224
4 9224
7 9224
3 9227
2 9229
4 9229
6 9229
3 9233
2 9236
3 9236
6 9236
10 9236
3 9240
7 9240
1 9247
4 9247
7 9247
8 9247
2 9247
4 9247
8 9247
4 9248
7 9248
2 9249
0 9252
2 9252
4 9252
4 9253
6 9253
8 9253
0 9256
1 9256
1 9257
2 9257
3 9263
6 9263
9 9263
2 9265
5 9265
8 9265
11 9265
4 9268
5 9268
4 9271
7 9271
8 9271
2 9273
5 9273
7 9273
10 9273
2 9277
3 9277
7 9277
2 9281
3 9281
5 9281
9 9281
1 9283
5 9283
7 9283
3 9285
5 9285
0 9287
1 9287
3 9287
4 9287
1 9293
0 9297
3 9297
5 9297
9 9297
1 9300
5 9300
8 9300
2 9305
6 9305
9 9305
4 9310
7 9310
4 9314
5 9314
7 9314
8 9314
4 9315
6 9315
10 9315
3 9319
0 9321
1 9321
2 9321
4 9321
3 9326
5 9326
7 9326
11 9326
1 9329
2 9329
2 9330
4 9331
8 9331
12 9331
14 9331
4 9332
7 9332
9 9332
11 9332
3 9334
6 9334
7 9334
4 9335
4 9335
8 9335
11 9335
0 9339
1 9339
2 9343
3 9343
6 9343
2 9343
5 9343
6 9343
10 9343
4 9346
6 9346
10 9346
2 9346
6 9346
8 9346
2 9348
3 9348
5 9348
1 9350
2 9350
3 9350
5 9350
7 9350
10 9350
3 9352
7 9352
8 9352
3 9353
4 9353
5 9353
2 9357
6 9357
7 9357
2 9360
3 9362
7 9362
9 9362
3 9363
7 9363
3 9367
0 9371
3 9372
7 9372
9 9372
13 9372
3 9376
7 9376
4 9379
5 9379
2 9382
6 9382
0 9386
0 9387
4 9387
8 9387
4 9389
6 9389
0 9390
2 9390
3 9390
4 9390
0 9390
4 9396
5 9396
9 9396
1 9402
2 9402
6 9402
1 9403
5 9403
3 9405
2 9406
6 9406
8 9406
12 9406
1 9409
2 9409
3 9409
0 9411
2 9411
1 9411
2 9411
5 9411
2 9414
4 9418
5 9418
9 9418
0 9419
4 9419
7 9419
8 9419
0 9422
1 9422
4 9422
3 9422
4 9422
8 9422
1 9424
2 9424
0 9427
4 9427
6 9427
10 9427
1 9430
2 9430
4 9430
2 9433
6 9433
9 9433
4 9436
5 9436
3 9439
6 9439
4 9439
7 9439
11 9439
1 9441
4 9441
7 9441
4 9444
6 9444
7 9444
2 9452
4 9452
1 9455
5 9455
1 9457
4 9457
7 9457
9 9457
3 9457
5 9457
6 9457
3 9460
4 9460
6 9460
10 9460
4 9462
0 9462
4 9462
5 9462
9 9462
3 9463
7 9463
11 9463
14 9463
4 9464
6 9464
7 9464
1 9465
3 9465
4 9465
0 9470
3 9470
6 9470
1 9474
4 9474
1 9477
4 9477
8 9477
10 9477
2 9477
3 9477
4 9477
3 9479
4 9479
5 9479
4 9482
5 9482
7 9482
9 9482
2 9486
4 9489
2 9490
6 9490
9 9490
4 9493
8 9493
1 9495
5 9495
7 9495
3 9499
3 9504
5 9504
6 9504
1 9504
3 9504
4 9504
5 9504
4 9507
5 9507
8 9507
1 9510
2 9510
0 9513
4 9513
7 9513
3 9519
2 9520
5 9520
2 9524
4 9524
8 9524
2 9526
6 9526
8 9526
4 9526
8 9526
0 9526
3 9529
7 9529
11 9529
12 9529
3 9535
4 9539
7 9539
11 9539
12 9539
4 9539
8 9539
12 9539
3 9543
5 9543
3 9546
4 9549
8 9549
4 9549
3 9549
5 9549
3 9552
4 9552
4 9553
4 9554
6 9554
10 9554
12 9554
0 9559
4 9560
4 9562
8 9562
12 9562
4 9565
7 9565
11 9565
3 9569
4 9569
1 9571
5 9571
3 9571
7 9571
11 9571
13 9571
3 9571
3 9575
7 9575
3 9579
5 9579
8 9579
9 9579
0 9582
3 9583
0 9585
3 9585
3 9587
5 9587
8 9587
12 9587
1 9588
1 9593
2 9593
3 9593
7 9593
3 9593
3 9594
7 9594
10 9594
13 9594
0 9598
1 9599
3 9599
5 9599
9 9599
4 9599
6 9599
8 9599
12 9599
0 9602
3 9602
7 9602
0 9603
3 9603
4 9607
0 9610
1 9610
4 9610
7 9610
0 9612
2 9612
5 9612
8 9612
3 9615
4 9615
6 9615
9 9615
0 9616
3 9616
5 9616
8 9616
3 9617
7 9617
1 9620
3 9620
2 9622
3 9622
4 9622
2 9626
6 9626
9 9626
12 9626
2 9629
6 9629
9 9629
13 9629
3 9631
5 9631
4 9631
8 9631
9 9631
1 9633
3 9640
5 9640
4 9644
6 9644
3 9646
4 9646
4 9646
8 9646
0 9647
2 9647
3 9647
0 9651
2 9651
3 9651
0 9651
2 9651
4 9655
5 9655
7 9655
10 9655
0 9659
3 9659
3 9662
6 9662
8 9662
10 9662
0 9664
4 9664
6 9664
10 9664
0 9664
4 9664
5 9664
1 9667
2 9667
6 9667
7 9667
2 9667
6 9667
9 9667
12 9667
4 9667
8 9667
10 9667
0 9672
4 9672
8 9672
4 9674
0 9678
4 9678
4 9685
6 9685
8 9685
4 9685
3 9689
6 9689
10 9689
12 9689
2 9690
3 9690
5 9690
8 9690
0 9691
4 9693
8 9693
12 9693
3 9693
2 9694
3 9697
4 9697
7 9697
8 9697
0 9701
3 9701
4 9705
8 9705
2 9705
6 9705
10 9705
13 9705
0 9709
0 9712
1 9714
2 9716
3 9718
2 9718
4 9718
7 9718
1 9719
2 9719
3 9721
3 9723
1 9728
3 9728
5 9728
2 9731
2 9733
4 9733
7 9733
2 9736
4 9739
7 9739
11 9739
14 9739
2 9743
6 9743
4 9747
5 9747
7 9747
2 9748
5 9748
2 9749
6 9749
7 9749
8 9749
0 9750
3 9750
1 9750
2 9750
6 9750
3 9754
6 9754
8 9754
9 9754
1 9755
3 9755
0 9761
2 9761
6 9761
9 9761
4 9762
3 9764
5 9764
4 9770
2 9773
6 9773
9 9773
12 9773
2 9774
4 9774
7 9774
0 9777
3 9777
4 9777
6 9777
2 9778
3 9778
7 9778
0 9780
2 9780
6 9780
1 9784
0 9786
4 9786
6 9786
2 9788
1 9796
3 9796
4 9796
7 9796
3 9796
5 9796
7 9796
0 9797
3 9797
7 9797
4 9801
7 9801
10 9801
0 9803
2 9803
5 9803
9 9803
11 9803
0 9804
2 9804
4 9804
0 9805
4 9805
7 9805
2 9808
3 9808
6 9808
2 9811
5 9811
6 9811
7 9811
1 9815
3 9818
1 9822
2 9822
1 9826
5 9826
7 9826
4 9830
5 9830
4 9832
8 9832
10 9832
0 9834
4 9834
5 9834
8 9834
1 9836
5 9836
2 9836
3 9836
6 9836
2 9838
3 9838
6 9838
2 9842
4 9842
2 9845
5 9845
1 9850
2 9850
4 9850
8 9850
2 9850
3 9850
6 9850
9 9850
1 9854
0 9856
4 9856
8 9856
10 9856
0 9860
1 9861
5 9861
8 9861
4 9867
8 9867
2 9867
6 9867
9 9867
12 9867
0 9871
4 9871
2 9871
2 9873
5 9873
7 9873
9 9873
0 9876
4 9876
0 9881
4 9881
2 9885
5 9885
8 9885
2 9886
4 9886
8 9886
9 9886
0 9893
4 9893
0 9896
1 9896
4 9896
8 9896
1 9900
5 9900
6 9900
10 9900
0 9905
2 9905
5 9905
1 9908
2 9908
2 9911
4 9911
0 9914
3 9914
2 9918
4 9918
3 9920
4 9920
7 9920
9 9920
3 9922
4 9924
7 9924
2 9926
0 9930
4 9930
5 9930
2 9932
3 9932
4 9932
8 9932
4 9936
5 9936
4 9938
7 9938
11 9938
2 9940
1 9940
5 9940
8 9940
12 9940
0 9945
1 9945
2 9945
2 9949
3 9949
6 9949
1 9950
2 9952
6 9952
8 9952
4 9956
7 9956
4 9957
8 9957
9 9957
12 9957
4 9959
1 9960
3 9960
3 9960
4 9960
2 9962
6 9962
9 9962
4 9964
7 9964
9 9964
4 9966
8 9966
12 9966
4 9966
6 9966
3 9966
6 9966
10 9966
3 9966
5 9966
9 9966
3 9969
7 9969
0 9972
2 9972
3 9972
2 9974
4 9974
1 9978
3 9978
4 9978
4 9979
6 9979
2 9983
4 9983
8 9983
2 9987
4 9987
7 9987
1 9991
4 9991
7 9991
10 9991
4 9992
8 9992
2 9993
6 9993
10 9993
4 9995
6 9995
8 9995
2 9996
3 9996
5 9996
4 9996
2 9996
1 9997
4 9999
8 9999
1 10003
5 10003
8 10003
3 10006
4 10006
6 10006
9 10006
0 10006
2 10006
6 10006
2 10008
0 10013
1 10013
2 10013
4 10013
4 10015
8 10015
10 10015
1 10017
4 10017
1 10018
3 10018
4 10018
5 10018
0 10022
3 10022
2 10024
5 10024
9 10024
12 10024
4 10027
5 10027
2 10027
3 10027
6 10027
8 10027
1 10029
3 10029
2 10032
6 10032
10 10032
11 10032
4 10033
6 10033
10 10033
11 10033
2 10037
4 10037
4 10038
6 10038
7 10038
11 10038
0 10043
2 10043
3 10043
2 10047
3 10048
5 10048
1 10050
2 10050
3 10052
4 10052
8 10052
1 10055
4 10055
8 10055
10 10055
0 10056
4 10056
1 10057
3 10063
4 10063
6 10063
9 10063
2 10064
4 10064
6 10064
0 10071
1 10071
2 10071
5 10071
0 10075
3 10076
6 10076
8 10076
11 10076
3 10084
6 10084
