1000
1 5
4 5
3 5
4 5
6 5
2 9
0 13
2 13
4 16
5 16
9 16
3 19
2 22
3 22
6 22
2 24
6 24
9 24
11 24
1 24
5 24
4 27
5 27
8 27
10 27
0 29
4 29
2 32
6 32
8 32
3 36
7 36
4 37
1 40
2 40
0 42
2 42
0 43
2 43
5 43
9 43
0 46
3 46
4 46
2 47
3 47
2 49
5 49
3 54
4 54
6 54
3 58
3 62
5 62
2 64
6 64
3 69
7 69
1 79
5 79
8 79
1 83
2 83
3 83
7 83
1 86
3 86
6 86
9 86
2 89
5 89
6 89
7 89
1 91
4 91
5 91
8 91
3 92
5 92
9 92
12 92
2 94
3 94
5 94
2 98
0 98
2 98
5 98
1 98
3 98
4 98
4 99
6 99
8 99
12 99
4 99
8 99
11 99
12 99
3 99
5 99
0 103
3 104
7 104
11 104
15 104
0 107
1 107
0 110
2 110
6 110
1 110
4 110
8 110
1 113
0 115
1 115
2 115
2 120
6 120
3 120
7 120
3 121
5 121
7 121
1 122
1 126
5 126
7 126
1 128
3 128
1 129
3 129
7 129
8 129
2 132
4 132
7 132
3 133
6 133
10 133
12 133
2 136
2 139
4 139
7 139
1 145
4 145
6 145
3 149
6 149
3 157
4 157
7 157
10 157
1 160
3 160
7 160
8 160
12 160
2 166
6 166
8 166
9 166
4 169
2 173
3 173
7 173
11 173
3 178
5 178
6 178
2 179
6 179
7 179
8 179
0 184
2 184
4 184
5 184
4 187
7 187
9 187
4 189
1 189
4 189
5 189
4 193
8 193
10 193
14 193
1 194
4 194
7 194
0 198
2 198
5 198
6 198
3 198
6 198
4 200
4 203
6 203
10 203
2 207
6 207
10 207
4 209
7 209
3 211
4 211
8 211
9 211
1 218
5 218
9 218
13 218
0 221
1 221
4 224
5 224
6 224
9 224
2 227
3 229
5 229
4 231
5 231
1 233
2 233
4 233
0 237
4 237
5 237
4 240
8 240
10 240
2 243
6 243
0 244
1 246
4 246
8 246
12 246
1 247
5 247
8 247
4 247
0 250
1 250
3 250
3 251
7 251
1 253
4 253
2 254
3 254
6 254
10 254
1 254
3 254
4 254
0 257
2 257
5 257
7 257
4 261
5 261
8 261
9 261
4 262
6 262
7 262
1 263
4 263
5 263
0 263
4 266
7 266
11 266
1 266
3 266
4 266
8 266
0 266
3 266
6 266
4 270
8 270
9 270
11 270
4 274
7 274
10 274
1 275
5 275
8 275
9 275
0 277
3 277
6 277
10 277
3 281
4 281
2 283
3 285
7 285
11 285
0 285
2 285
6 285
10 285
1 288
3 291
6 291
9 291
13 291
3 295
0 298
3 298
6 298
2 299
3 299
4 299
5 299
0 302
4 302
7 302
1 305
4 305
0 306
2 306
4 306
4 309
5 309
7 309
9 309
3 312
6 312
2 320
3 320
7 320
11 320
3 320
0 324
2 325
5 325
6 325
7 325
3 328
4 332
6 332
3 336
6 336
10 336
11 336
2 341
2 343
3 347
6 347
9 347
13 347
3 350
7 350
10 350
3 352
4 352
7 352
2 354
4 354
6 354
3 354
7 354
2 356
3 356
7 356
11 356
1 356
2 356
3 356
5 356
7 356
1 356
5 356
7 356
10 356
4 358
3 362
6 362
0 365
3 365
1 366
5 366
7 366
11 366
3 366
5 366
7 366
4 368
2 371
6 371
10 371
1 374
5 374
4 375
1 379
4 379
3 379
7 379
9 379
10 379
0 381
4 381
7 381
3 385
7 385
8 385
11 385
3 385
6 385
10 385
11 385
1 386
2 386
4 387
5 387
7 387
0 390
4 390
5 390
0 390
1 390
4 393
8 393
3 395
6 395
3 401
4 403
2 406
2 406
3 406
7 406
9 406
2 410
3 410
0 414
2 416
4 416
6 416
2 416
1 417
5 417
7 417
4 421
1 421
4 425
5 425
2 426
5 426
8 426
11 426
1 429
3 429
4 429
2 429
5 429
6 429
10 429
0 433
1 433
3 433
3 435
6 435
7 435
11 435
1 438
3 438
1 442
3 446
5 446
3 446
7 446
8 446
4 446
7 446
10 446
13 446
4 446
6 446
10 446
4 446
6 446
7 446
8 446
3 447
5 447
6 447
3 451
7 451
9 451
2 463
5 463
8 463
3 463
4 467
5 467
9 467
12 467
4 471
6 471
1 474
2 474
5 474
4 477
8 477
0 481
2 481
3 487
1 491
2 491
5 491
2 492
3 492
4 492
0 493
1 493
2 493
0 493
1 496
3 496
0 500
4 500
5 500
4 504
5 504
7 504
0 506
2 506
5 506
8 506
4 508
8 508
10 508
3 511
2 512
5 512
8 512
11 512
1 515
5 515
8 515
11 515
2 519
0 522
4 522
6 522
7 522
3 526
4 526
6 526
3 527
7 527
9 527
0 530
1 530
2 530
1 532
3 532
5 532
1 536
4 536
3 539
5 539
9 539
13 539
0 543
2 543
4 543
5 543
2 546
3 546
2 550
3 550
1 551
1 553
4 553
7 553
2 555
3 558
6 558
10 558
12 558
0 558
2 558
5 558
2 559
3 559
4 559
1 562
2 566
5 566
7 566
10 566
2 568
1 571
5 571
6 571
1 571
4 571
6 571
0 572
1 572
5 572
7 572
4 575
2 576
3 580
6 580
1 581
3 586
7 586
8 586
1 586
2 586
6 586
7 586
4 589
6 589
9 589
11 589
4 597
7 597
10 597
1 599
5 599
3 601
6 601
4 603
6 603
9 603
2 603
4 603
3 607
4 607
6 607
4 609
7 609
3 615
4 615
6 615
9 615
0 619
0 620
3 620
1 620
5 620
7 620
2 622
5 622
6 622
3 626
4 626
6 626
8 626
3 630
2 634
3 634
4 637
7 637
11 637
0 638
1 638
0 640
4 640
2 642
5 642
9 642
2 645
6 645
1 645
4 645
8 645
0 647
2 647
6 647
9 647
3 647
0 647
4 647
6 647
7 647
0 660
4 660
1 665
4 665
7 665
1 666
4 666
7 666
8 666
3 670
7 670
11 670
12 670
0 674
4 674
5 674
0 677
1 677
3 677
7 677
3 678
5 678
9 678
1 680
2 684
3 684
4 684
1 696
3 696
5 696
9 696
0 697
3 697
7 697
4 699
7 699
10 699
3 700
5 700
0 708
1 708
4 708
1 712
3 712
7 712
11 712
4 717
5 717
8 717
1 720
4 720
6 720
9 720
4 722
7 722
10 722
13 722
1 725
3 728
4 728
1 728
5 728
6 728
7 728
3 734
7 734
2 738
3 738
2 741
3 741
3 744
5 744
7 744
10 744
3 746
4 752
8 752
12 752
15 752
4 754
0 758
2 760
4 760
8 760
10 760
3 761
7 761
2 767
3 767
5 767
2 767
5 767
1 767
5 767
7 767
3 768
6 768
3 771
6 771
9 771
12 771
3 774
5 774
0 776
2 776
3 776
3 779
7 779
11 779
13 779
4 784
3 789
5 789
6 789
10 789
1 793
5 793
9 793
1 794
3 794
5 794
4 794
7 794
8 794
4 798
5 798
9 798
10 798
2 798
3 798
6 798
4 800
8 800
12 800
0 804
3 804
5 804
0 808
3 812
2 815
5 815
7 815
1 819
2 819
3 819
4 820
2 825
5 825
1 829
5 829
1 831
4 831
8 831
12 831
2 832
6 832
7 832
8 832
1 835
4 835
2 838
3 838
2 838
6 838
8 838
2 839
5 839
9 839
3 843
4 844
8 844
11 844
14 844
2 846
4 846
7 846
4 849
4 849
5 849
7 849
3 852
7 852
9 852
0 854
4 854
6 854
2 857
4 857
5 857
1 860
4 860
7 860
8 860
3 864
4 864
7 864
11 864
1 865
3 865
6 865
9 865
2 871
5 871
3 873
7 873
11 873
15 873
3 878
7 878
10 878
0 881
2 885
6 885
8 885
2 889
4 892
8 892
9 892
13 892
1 893
2 893
4 894
8 894
2 894
4 894
0 897
3 897
5 897
6 897
3 905
1 906
4 906
5 906
9 906
1 913
4 913
0 913
3 913
4 913
7 913
8 913
0 917
3 917
5 917
4 918
6 918
3 920
7 920
8 920
4 922
3 926
6 926
1 930
3 930
4 930
3 930
3 930
5 930
1 934
4 934
8 934
4 938
7 938
10 938
12 938
4 939
7 939
11 939
2 939
4 941
6 941
1 944
4 944
5 944
6 944
2 944
4 944
6 944
9 944
2 947
1 949
5 949
6 949
10 949
2 953
5 953
6 953
8 953
2 953
0 954
4 954
0 955
1 955
2 955
2 959
4 959
5 959
3 961
6 961
9 961
0 963
1 963
2 963
4 963
8 963
0 964
3 964
4 964
7 964
