10000
35 65
99 65
130 65
184 65
229 65
233 65
265 65
282 65
296 65
364 65
435 65
502 65
541 65
608 65
625 65
639 65
651 65
662 65
719 65
770 65
815 65
859 65
904 65
951 65
956 65
1024 65
1104 65
1179 65
1197 65
1296 65
1337 65
1371 65
1448 65
1502 65
1595 65
1641 65
1706 65
1777 65
1803 65
1826 65
1917 65
1934 65
2008 65
2064 65
2128 65
2134 65
2230 65
2289 65
2294 65
2339 65
2400 65
2443 65
2473 65
2506 65
2604 65
2636 65
2696 65
2753 65
2826 65
2837 65
2890 65
2946 65
2950 65
3024 65
3121 65
3135 65
3157 65
3189 65
3232 65
3296 65
3376 65
3470 65
3532 65
3627 65
3712 65
3787 65
3824 65
3833 65
3844 65
3940 65
4032 65
4110 65
4168 65
4222 65
4265 65
4298 65
4369 65
4466 65
4486 65
4562 65
4599 65
4696 65
4778 65
4814 65
4829 65
4887 65
4937 65
4952 65
5037 65
1 67
53 67
86 67
90 67
98 67
171 67
258 67
347 67
387 67
445 67
490 67
498 67
580 67
598 67
673 67
749 67
805 67
884 67
908 67
987 67
1006 67
1093 67
1146 67
1237 67
1318 67
1363 67
1410 67
1459 67
1553 67
1568 67
1640 67
1682 67
1723 67
1802 67
1832 67
1872 67
1950 67
2022 67
2064 67
2070 67
2133 67
2199 67
2226 67
2280 67
2347 67
2414 67
2421 67
2509 67
2579 67
2649 67
2727 67
2798 67
2805 67
2818 67
2904 67
2907 67
2950 67
2958 67
2983 67
3016 67
3095 67
3123 67
3216 67
3272 67
3361 67
3408 67
3420 67
3421 67
3439 67
35 153
108 153
126 153
135 153
167 153
188 153
200 153
298 153
23 160
104 160
201 160
291 160
369 160
395 160
423 160
517 160
530 160
588 160
624 160
643 160
677 160
753 160
815 160
852 160
933 160
955 160
1024 160
1030 160
1083 160
1122 160
1157 160
1186 160
1189 160
1246 160
1296 160
1350 160
1435 160
1488 160
1575 160
1601 160
1625 160
1667 160
1680 160
1697 160
1726 160
1822 160
1865 160
1924 160
1938 160
2018 160
2114 160
2132 160
2161 160
2197 160
2253 160
2288 160
2305 160
2360 160
2386 160
2460 160
2500 160
2543 160
2618 160
2620 160
2624 160
2630 160
2694 160
2702 160
2731 160
2765 160
2802 160
2803 160
2834 160
71 162
127 162
142 162
227 162
246 162
285 162
339 162
414 162
429 162
493 162
550 162
619 162
663 162
687 162
767 162
830 162
888 162
980 162
1045 162
1053 162
1136 162
1206 162
1274 162
1282 162
1311 162
1343 162
1383 162
1421 162
1435 162
1436 162
1477 162
1500 162
1571 162
1609 162
1614 162
1642 162
1707 162
1742 162
1805 162
1885 162
1914 162
1939 162
2033 162
2072 162
2073 162
2126 162
2224 162
2254 162
2309 162
2344 162
2360 162
2407 162
2467 162
2532 162
2600 162
2694 162
2780 162
2875 162
2905 162
2966 162
3061 162
3120 162
3202 162
3239 162
3321 162
3362 162
3370 162
3464 162
3524 162
3587 162
3605 162
3677 162
3733 162
3783 162
3873 162
3957 162
4019 162
4113 162
4115 162
4144 162
4201 162
4218 162
4228 162
4292 162
4380 162
4443 162
4484 162
4494 162
4556 162
4573 162
4620 162
4700 162
4721 162
65 241
159 241
250 241
286 241
294 241
342 241
417 241
449 241
502 241
548 241
593 241
609 241
659 241
714 241
813 241
827 241
828 241
833 241
868 241
929 241
947 241
974 241
1002 241
1076 241
1170 241
1226 241
1276 241
1355 241
1409 241
1458 241
1556 241
1598 241
1624 241
1715 241
1740 241
1765 241
1798 241
1854 241
1912 241
1985 241
2035 241
2057 241
2070 241
2128 241
2208 241
2228 241
2310 241
2311 241
2404 241
2441 241
2467 241
2543 241
48 248
104 248
196 248
230 248
322 248
414 248
473 248
508 248
513 248
564 248
599 248
616 248
710 248
771 248
866 248
914 248
1006 248
1078 248
1174 248
1218 248
1302 248
1345 248
1410 248
1436 248
1485 248
1581 248
1640 248
1728 248
1771 248
50 322
58 322
126 322
147 322
230 322
248 322
263 322
312 322
375 322
437 322
462 322
543 322
607 322
693 322
705 322
749 322
818 322
839 322
874 322
921 322
1011 322
1108 322
1136 322
1222 322
1226 322
1244 322
1338 322
1356 322
1410 322
1417 322
1488 322
1563 322
1589 322
1629 322
1646 322
1665 322
1684 322
1749 322
1804 322
1837 322
66 380
158 380
241 380
267 380
345 380
355 380
398 380
484 380
495 380
499 380
542 380
561 380
610 380
612 380
635 380
636 380
705 380
717 380
789 380
878 380
906 380
972 380
1056 380
1150 380
1197 380
1198 380
1207 380
1245 380
1253 380
1338 380
1378 380
1403 380
1420 380
1515 380
1533 380
1573 380
1659 380
1673 380
1718 380
1767 380
1777 380
1780 380
1815 380
1850 380
1853 380
1881 380
1939 380
1968 380
2029 380
2112 380
2203 380
2233 380
2320 380
2344 380
2426 380
2436 380
2499 380
2533 380
2567 380
2655 380
2688 380
2782 380
2826 380
2838 380
2846 380
2879 380
2963 380
2985 380
3061 380
3087 380
3152 380
3200 380
3246 380
3342 380
3346 380
3417 380
3457 380
3530 380
3553 380
3599 380
3640 380
3669 380
3705 380
3770 380
3814 380
28 418
64 418
120 418
162 418
202 418
274 418
361 418
373 418
389 418
452 418
550 418
573 418
615 418
708 418
719 418
760 418
824 418
858 418
867 418
964 418
1027 418
1088 418
1109 418
1178 418
1246 418
1331 418
1371 418
1389 418
1423 418
1501 418
1548 418
1566 418
1573 418
1661 418
1740 418
1799 418
1845 418
1854 418
1872 418
1947 418
1950 418
1981 418
2052 418
2093 418
2177 418
2228 418
2268 418
2283 418
2311 418
2410 418
2473 418
2475 418
2565 418
2607 418
2694 418
2766 418
2830 418
2887 418
2941 418
3020 418
3041 418
25 457
120 457
123 457
125 457
204 457
280 457
316 457
349 457
377 457
404 457
415 457
436 457
483 457
547 457
558 457
569 457
571 457
606 457
680 457
771 457
794 457
874 457
912 457
969 457
973 457
1070 457
1124 457
1133 457
1165 457
1182 457
1210 457
1288 457
1323 457
1332 457
1430 457
1520 457
1608 457
1614 457
1702 457
1749 457
1769 457
1810 457
1906 457
1948 457
1956 457
1985 457
2057 457
2066 457
2141 457
2188 457
2241 457
2310 457
2397 457
2453 457
2513 457
2538 457
2624 457
2642 457
2738 457
2764 457
2862 457
2915 457
2926 457
2989 457
3062 457
3098 457
3101 457
3120 457
3139 457
3212 457
3305 457
3386 457
3420 457
3517 457
3577 457
3661 457
3756 457
3783 457
3814 457
3883 457
3959 457
3990 457
4017 457
4042 457
4135 457
4166 457
4226 457
4320 457
4412 457
4488 457
41 512
67 512
149 512
244 512
245 512
296 512
385 512
482 512
485 512
487 512
488 512
571 512
608 512
629 512
702 512
753 512
779 512
876 512
953 512
87 590
168 590
189 590
209 590
221 590
287 590
371 590
465 590
474 590
47 683
118 683
168 683
171 683
187 683
189 683
236 683
282 683
345 683
386 683
451 683
478 683
495 683
523 683
582 683
623 683
681 683
703 683
752 683
769 683
818 683
890 683
909 683
1007 683
1019 683
1077 683
1153 683
1232 683
1281 683
1350 683
1364 683
1373 683
1378 683
1416 683
1467 683
1565 683
1579 683
1624 683
1652 683
1665 683
1680 683
1708 683
1750 683
1807 683
1824 683
1845 683
1867 683
1879 683
1936 683
2027 683
2069 683
2072 683
2146 683
2241 683
2273 683
2283 683
2355 683
2373 683
2445 683
2491 683
2558 683
2628 683
2635 683
2690 683
2735 683
2798 683
2826 683
2915 683
2973 683
3035 683
3132 683
3218 683
3266 683
3305 683
3338 683
79 712
146 712
202 712
276 712
284 712
327 712
392 712
436 712
494 712
580 712
664 712
673 712
736 712
747 712
816 712
832 712
894 712
966 712
1018 712
1060 712
1107 712
1112 712
1203 712
1215 712
1246 712
1251 712
1294 712
1378 712
1428 712
1477 712
1558 712
1592 712
1595 712
1686 712
1785 712
1850 712
1863 712
1880 712
1882 712
1914 712
1999 712
2064 712
2135 712
2177 712
2258 712
2298 712
2354 712
2363 712
2452 712
2539 712
2616 712
2677 712
2696 712
2705 712
2736 712
2780 712
2822 712
2898 712
2980 712
3077 712
3142 712
3240 712
3334 712
3369 712
3412 712
3454 712
3500 712
3507 712
3526 712
3577 712
3652 712
3730 712
3764 712
3782 712
3877 712
3915 712
80 719
130 719
148 719
225 719
258 719
331 719
416 719
442 719
524 719
576 719
670 719
687 719
784 719
808 719
902 719
994 719
1076 719
25 775
67 775
77 775
114 775
126 775
192 775
240 775
319 775
399 775
444 775
539 775
566 775
635 775
707 775
801 775
840 775
909 775
973 775
1072 775
1075 775
1152 775
1218 775
1227 775
1275 775
1307 775
1377 775
28 775
115 775
128 775
216 775
239 775
337 775
398 775
451 775
506 775
544 775
584 775
664 775
675 775
706 775
776 775
863 775
888 775
934 775
1004 775
1087 775
1108 775
1197 775
1226 775
1296 775
1376 775
1423 775
1521 775
1528 775
1613 775
1670 775
1686 775
1770 775
1798 775
1834 775
1870 775
1898 775
1936 775
1957 775
1968 775
1979 775
2009 775
2069 775
2106 775
2117 775
2163 775
2222 775
2267 775
2336 775
2397 775
2418 775
2463 775
2495 775
2562 775
2583 775
2606 775
2676 775
2731 775
2799 775
2892 775
2897 775
2920 775
3002 775
3025 775
3052 775
3124 775
3163 775
3173 775
3218 775
3309 775
3404 775
3422 775
3508 775
3595 775
3690 775
3786 775
3808 775
3858 775
3949 775
4016 775
4112 775
4171 775
4210 775
4231 775
4235 775
4263 775
4307 775
4367 775
4406 775
4491 775
14 835
66 835
154 835
162 835
230 835
292 835
335 835
350 835
362 835
456 835
519 835
520 835
554 835
575 835
640 835
736 835
768 835
19 916
118 916
178 916
199 916
273 916
284 916
347 916
385 916
387 916
420 916
491 916
503 916
543 916
607 916
680 916
766 916
838 916
895 916
899 916
902 916
913 916
929 916
990 916
1032 916
1085 916
1090 916
1129 916
1172 916
1263 916
1297 916
1312 916
1318 916
1363 916
1376 916
1455 916
1468 916
1550 916
1594 916
1660 916
1662 916
1672 916
1689 916
1765 916
1772 916
1774 916
1861 916
1954 916
1987 916
85 932
135 932
136 932
163 932
241 932
338 932
370 932
443 932
498 932
594 932
654 932
733 932
795 932
801 932
884 932
912 932
995 932
1076 932
1171 932
1255 932
1294 932
1371 932
1418 932
1452 932
1496 932
1526 932
1606 932
1664 932
1761 932
1809 932
1886 932
1898 932
1919 932
1995 932
1998 932
2034 932
2042 932
2056 932
2076 932
2130 932
2173 932
2189 932
2215 932
2256 932
2284 932
2307 932
2359 932
2395 932
2494 932
2536 932
2591 932
2624 932
2678 932
2692 932
2721 932
2738 932
2836 932
2923 932
2927 932
2937 932
2943 932
2960 932
3058 932
3063 932
3114 932
3192 932
3210 932
3218 932
3240 932
3268 932
3350 932
3356 932
3412 932
18 954
74 954
162 954
242 954
248 954
308 954
367 954
443 954
459 954
516 954
577 954
591 954
665 954
762 954
847 954
908 954
961 954
973 954
1060 954
1063 954
1155 954
1188 954
1216 954
1274 954
1349 954
1365 954
1405 954
1408 954
1465 954
1512 954
1539 954
1604 954
1610 954
1642 954
1696 954
1726 954
1802 954
1816 954
1873 954
1948 954
2029 954
2123 954
2126 954
2220 954
2268 954
2271 954
2327 954
2404 954
2489 954
2534 954
2601 954
2699 954
2778 954
2859 954
2922 954
3017 954
3044 954
3069 954
3127 954
3162 954
3180 954
3199 954
3258 954
3286 954
3291 954
3389 954
3451 954
3515 954
3575 954
3668 954
3689 954
3754 954
3785 954
3802 954
3897 954
3912 954
3986 954
4001 954
4065 954
4128 954
4130 954
4186 954
4280 954
4335 954
4394 954
4454 954
4459 954
4499 954
4523 954
4535 954
4547 954
4623 954
4642 954
4646 954
80 966
150 966
240 966
319 966
361 966
439 966
529 966
536 966
573 966
574 966
606 966
670 966
683 966
747 966
821 966
848 966
892 966
985 966
1022 966
1110 966
1180 966
1231 966
1277 966
1350 966
1425 966
1445 966
1498 966
1548 966
1562 966
1588 966
1594 966
1674 966
1702 966
1754 966
1766 966
1803 966
1895 966
1967 966
2001 966
2080 966
2177 966
2209 966
2294 966
2373 966
2390 966
2423 966
2476 966
2529 966
2604 966
2657 966
2658 966
72 1001
115 1001
174 1001
198 1001
269 1001
359 1001
411 1001
454 1001
530 1001
626 1001
669 1001
754 1001
848 1001
912 1001
991 1001
1040 1001
1108 1001
1163 1001
1204 1001
1230 1001
1243 1001
1325 1001
1326 1001
1342 1001
1364 1001
1392 1001
1487 1001
1551 1001
1589 1001
1651 1001
1672 1001
1682 1001
1724 1001
1816 1001
1847 1001
1848 1001
1913 1001
1960 1001
2005 1001
2096 1001
2190 1001
2193 1001
2218 1001
2309 1001
2405 1001
2467 1001
2522 1001
2611 1001
2656 1001
2752 1001
2784 1001
2876 1001
2895 1001
2955 1001
3003 1001
3032 1001
3113 1001
3130 1001
3224 1001
3262 1001
3356 1001
3420 1001
3466 1001
3499 1001
3519 1001
3561 1001
3600 1001
3671 1001
3737 1001
3765 1001
3807 1001
3879 1001
3931 1001
3944 1001
3999 1001
51 1038
102 1038
158 1038
242 1038
253 1038
336 1038
392 1038
403 1038
496 1038
549 1038
641 1038
734 1038
740 1038
794 1038
889 1038
910 1038
980 1038
1071 1038
1168 1038
1186 1038
1271 1038
1300 1038
1364 1038
1399 1038
1445 1038
1480 1038
1571 1038
1576 1038
31 1067
48 1067
64 1067
129 1067
162 1067
195 1067
212 1067
304 1067
377 1067
451 1067
517 1067
527 1067
573 1067
649 1067
744 1067
783 1067
791 1067
866 1067
947 1067
1031 1067
1089 1067
1186 1067
1195 1067
1210 1067
1291 1067
1387 1067
1452 1067
1527 1067
1576 1067
1577 1067
1598 1067
1683 1067
1708 1067
1767 1067
1866 1067
1953 1067
1996 1067
2081 1067
2092 1067
2134 1067
2221 1067
2227 1067
2289 1067
2330 1067
2361 1067
2443 1067
2526 1067
2609 1067
2665 1067
2758 1067
2783 1067
2852 1067
2897 1067
2918 1067
2929 1067
2955 1067
3005 1067
3044 1067
3115 1067
3130 1067
3148 1067
3169 1067
3237 1067
3288 1067
3329 1067
3384 1067
3425 1067
3486 1067
3499 1067
3545 1067
3602 1067
3679 1067
3720 1067
3786 1067
3792 1067
3824 1067
3836 1067
3897 1067
18 1165
57 1165
90 1165
156 1165
173 1165
174 1165
192 1165
271 1165
300 1165
379 1165
445 1165
504 1165
516 1165
535 1165
601 1165
623 1165
626 1165
667 1165
704 1165
708 1165
807 1165
892 1165
909 1165
975 1165
45 1258
70 1258
79 1258
147 1258
171 1258
240 1258
289 1258
374 1258
438 1258
474 1258
567 1258
570 1258
603 1258
625 1258
696 1258
723 1258
821 1258
852 1258
856 1258
902 1258
982 1258
1031 1258
1085 1258
1143 1258
1181 1258
1183 1258
1229 1258
1280 1258
1375 1258
1464 1258
1536 1258
1543 1258
1586 1258
1646 1258
1732 1258
1808 1258
1892 1258
1905 1258
1922 1258
1956 1258
1963 1258
2023 1258
2043 1258
2062 1258
2116 1258
2134 1258
2197 1258
2229 1258
2245 1258
2324 1258
2325 1258
2423 1258
2483 1258
2551 1258
2603 1258
2682 1258
2752 1258
2809 1258
2829 1258
44 1316
84 1316
86 1316
124 1316
183 1316
216 1316
309 1316
334 1316
379 1316
458 1316
501 1316
571 1316
641 1316
663 1316
685 1316
751 1316
786 1316
814 1316
841 1316
843 1316
892 1316
908 1316
912 1316
1003 1316
1025 1316
1061 1316
1128 1316
1195 1316
1292 1316
1362 1316
1376 1316
1433 1316
1492 1316
1578 1316
1587 1316
1600 1316
1619 1316
1667 1316
1701 1316
1751 1316
1758 1316
1819 1316
1 1339
6 1339
23 1339
26 1339
37 1339
129 1339
182 1339
228 1339
283 1339
320 1339
407 1339
462 1339
474 1339
493 1339
538 1339
595 1339
656 1339
698 1339
761 1339
780 1339
877 1339
974 1339
1049 1339
1062 1339
1072 1339
1098 1339
1176 1339
1200 1339
1282 1339
1375 1339
1460 1339
1539 1339
1576 1339
1653 1339
1669 1339
1714 1339
1732 1339
1774 1339
1853 1339
1929 1339
2026 1339
2080 1339
2129 1339
2184 1339
2240 1339
2275 1339
2313 1339
2392 1339
2425 1339
2475 1339
2555 1339
2592 1339
2615 1339
2666 1339
14 1411
52 1411
118 1411
126 1411
199 1411
256 1411
319 1411
378 1411
401 1411
428 1411
471 1411
484 1411
496 1411
497 1411
507 1411
545 1411
579 1411
592 1411
618 1411
716 1411
813 1411
888 1411
908 1411
953 1411
996 1411
1049 1411
1117 1411
1197 1411
1215 1411
1282 1411
1339 1411
1397 1411
1493 1411
1563 1411
1580 1411
1612 1411
1651 1411
1719 1411
1764 1411
1856 1411
1952 1411
1959 1411
1989 1411
1999 1411
2019 1411
2117 1411
2208 1411
2249 1411
2306 1411
2350 1411
2431 1411
2524 1411
2536 1411
2554 1411
2585 1411
2621 1411
2660 1411
2732 1411
2820 1411
2905 1411
2924 1411
2975 1411
3015 1411
3084 1411
3124 1411
3146 1411
3225 1411
3304 1411
3367 1411
3402 1411
3433 1411
3464 1411
3540 1411
3631 1411
3719 1411
3798 1411
3895 1411
3929 1411
4011 1411
78 1422
115 1422
155 1422
232 1422
267 1422
365 1422
390 1422
480 1422
572 1422
653 1422
703 1422
759 1422
788 1422
887 1422
943 1422
991 1422
1047 1422
1115 1422
1135 1422
1177 1422
1249 1422
1269 1422
1324 1422
1360 1422
1365 1422
1392 1422
1475 1422
1566 1422
1581 1422
1629 1422
1691 1422
1698 1422
1782 1422
1797 1422
1835 1422
1860 1422
1926 1422
1933 1422
1958 1422
1976 1422
1999 1422
2035 1422
2122 1422
2204 1422
2291 1422
2305 1422
2374 1422
2376 1422
2448 1422
2515 1422
2536 1422
2622 1422
2639 1422
2642 1422
2730 1422
2792 1422
2810 1422
2851 1422
2881 1422
2953 1422
2985 1422
3031 1422
3107 1422
3172 1422
3204 1422
3233 1422
3283 1422
3324 1422
3372 1422
3390 1422
3395 1422
3490 1422
3496 1422
3593 1422
3620 1422
3712 1422
3777 1422
3792 1422
3794 1422
56 1442
130 1442
199 1442
289 1442
384 1442
453 1442
529 1442
577 1442
622 1442
706 1442
727 1442
767 1442
809 1442
904 1442
938 1442
988 1442
1050 1442
1145 1442
1152 1442
1221 1442
1234 1442
1286 1442
1384 1442
1446 1442
1495 1442
1515 1442
1570 1442
1571 1442
1593 1442
1595 1442
1611 1442
1709 1442
1787 1442
1881 1442
1969 1442
2019 1442
2025 1442
2058 1442
2140 1442
2173 1442
2201 1442
2210 1442
2275 1442
2324 1442
2350 1442
2409 1442
2490 1442
2542 1442
2611 1442
2674 1442
2763 1442
2770 1442
2869 1442
2959 1442
2970 1442
2974 1442
2989 1442
3018 1442
3050 1442
28 1479
60 1479
135 1479
195 1479
267 1479
343 1479
442 1479
474 1479
534 1479
621 1479
714 1479
775 1479
807 1479
885 1479
934 1479
968 1479
1022 1479
1023 1479
1091 1479
1104 1479
32 1495
96 1495
107 1495
191 1495
207 1495
289 1495
352 1495
421 1495
513 1495
612 1495
697 1495
703 1495
714 1495
735 1495
736 1495
61 1533
124 1533
157 1533
205 1533
290 1533
345 1533
366 1533
369 1533
370 1533
430 1533
499 1533
562 1533
656 1533
697 1533
704 1533
711 1533
712 1533
804 1533
882 1533
970 1533
1033 1533
1111 1533
1138 1533
1158 1533
1226 1533
1300 1533
1325 1533
1373 1533
1426 1533
1491 1533
1528 1533
1615 1533
1661 1533
1687 1533
1703 1533
27 1598
73 1598
86 1598
143 1598
181 1598
248 1598
272 1598
282 1598
381 1598
399 1598
437 1598
482 1598
543 1598
623 1598
683 1598
701 1598
719 1598
721 1598
761 1598
811 1598
830 1598
871 1598
959 1598
988 1598
1047 1598
1070 1598
91 1668
139 1668
173 1668
175 1668
202 1668
255 1668
340 1668
364 1668
408 1668
454 1668
483 1668
582 1668
667 1668
737 1668
748 1668
827 1668
919 1668
938 1668
984 1668
999 1668
1088 1668
1181 1668
1232 1668
1279 1668
1335 1668
1405 1668
1496 1668
1574 1668
1633 1668
1709 1668
1721 1668
1776 1668
1817 1668
1846 1668
1857 1668
1932 1668
1964 1668
2041 1668
2092 1668
2190 1668
2236 1668
2278 1668
2292 1668
2333 1668
2369 1668
2417 1668
2449 1668
2542 1668
2635 1668
2636 1668
2732 1668
2814 1668
2826 1668
2865 1668
2950 1668
2968 1668
3047 1668
3099 1668
3189 1668
3272 1668
3304 1668
61 1696
127 1696
208 1696
251 1696
311 1696
359 1696
414 1696
439 1696
449 1696
505 1696
571 1696
660 1696
735 1696
828 1696
850 1696
922 1696
994 1696
1046 1696
1087 1696
1166 1696
1200 1696
1278 1696
1353 1696
1442 1696
1515 1696
1597 1696
1610 1696
1700 1696
1753 1696
1766 1696
1810 1696
1847 1696
1895 1696
1958 1696
2031 1696
2079 1696
2130 1696
2217 1696
2300 1696
2312 1696
2336 1696
2351 1696
2399 1696
2476 1696
2568 1696
7 1776
10 1776
60 1776
95 1821
170 1821
226 1821
232 1821
253 1821
297 1821
303 1821
319 1821
386 1821
437 1821
450 1821
468 1821
556 1821
45 1859
58 1859
138 1859
84 1875
164 1875
177 1875
230 1875
282 1875
376 1875
385 1875
481 1875
506 1875
527 1875
597 1875
615 1875
663 1875
689 1875
778 1875
85 1919
154 1919
223 1919
260 1919
286 1919
326 1919
337 1919
397 1919
430 1919
489 1919
525 1919
566 1919
657 1919
746 1919
795 1919
804 1919
830 1919
914 1919
954 1919
979 1919
1038 1919
1118 1919
1146 1919
1174 1919
1207 1919
1236 1919
1241 1919
1317 1919
1326 1919
1414 1919
1502 1919
1584 1919
1610 1919
1616 1919
1685 1919
1766 1919
1786 1919
1791 1919
1835 1919
1929 1919
1946 1919
1980 1919
1986 1919
2044 1919
2071 1919
2084 1919
2113 1919
2200 1919
2258 1919
2283 1919
2374 1919
2389 1919
2459 1919
2532 1919
2556 1919
2645 1919
2710 1919
2796 1919
2836 1919
2846 1919
2883 1919
2886 1919
2942 1919
3004 1919
3048 1919
3053 1919
3068 1919
3132 1919
3148 1919
3181 1919
3272 1919
3317 1919
3337 1919
3354 1919
3389 1919
3484 1919
3487 1919
3561 1919
3654 1919
3691 1919
3772 1919
3868 1919
3876 1919
3907 1919
3992 1919
4007 1919
4071 1919
4133 1919
4224 1919
4271 1919
4338 1919
61 1966
137 1966
210 1966
278 1966
290 1966
326 1966
402 1966
497 1966
502 1966
554 1966
581 1966
595 1966
633 1966
732 1966
734 1966
778 1966
835 1966
897 1966
983 1966
1069 1966
1119 1966
82 2045
125 2045
181 2045
269 2045
305 2045
379 2045
424 2045
493 2045
516 2045
541 2045
563 2045
622 2045
674 2045
737 2045
770 2045
776 2045
864 2045
911 2045
989 2045
1080 2045
1118 2045
1154 2045
1171 2045
1265 2045
1275 2045
1337 2045
1422 2045
1440 2045
1492 2045
1526 2045
1543 2045
1610 2045
1653 2045
1746 2045
1776 2045
1787 2045
1877 2045
1896 2045
1904 2045
1908 2045
1937 2045
1999 2045
2024 2045
2082 2045
2128 2045
2227 2045
2273 2045
2286 2045
2352 2045
1 2096
57 2096
153 2096
200 2096
209 2096
300 2096
305 2096
334 2096
402 2096
405 2096
483 2096
490 2096
494 2096
548 2096
565 2096
595 2096
646 2096
720 2096
783 2096
881 2096
952 2096
964 2096
1017 2096
1039 2096
65 2175
90 2175
150 2175
161 2175
259 2175
349 2175
447 2175
543 2175
625 2175
718 2175
727 2175
759 2175
824 2175
849 2175
883 2175
974 2175
1018 2175
1102 2175
1148 2175
1245 2175
1321 2175
1323 2175
1383 2175
1458 2175
1491 2175
1504 2175
1582 2175
1637 2175
1695 2175
1754 2175
1786 2175
1835 2175
1905 2175
1933 2175
2032 2175
2082 2175
2133 2175
2164 2175
2187 2175
2261 2175
2307 2175
2401 2175
2498 2175
2580 2175
2585 2175
2598 2175
2607 2175
2612 2175
2663 2175
2672 2175
2725 2175
2757 2175
2794 2175
2810 2175
2822 2175
2905 2175
2922 2175
2960 2175
2991 2175
3010 2175
3084 2175
3121 2175
3204 2175
3265 2175
3352 2175
3357 2175
3456 2175
3464 2175
3474 2175
3488 2175
3498 2175
3526 2175
3610 2175
54 2223
95 2223
137 2223
168 2223
232 2223
331 2223
347 2223
375 2223
405 2223
497 2223
573 2223
605 2223
692 2223
696 2223
750 2223
842 2223
937 2223
1026 2223
1109 2223
1196 2223
1245 2223
1323 2223
1394 2223
1439 2223
1499 2223
1519 2223
1573 2223
1664 2223
1730 2223
1732 2223
6 2320
82 2320
174 2320
196 2320
245 2320
316 2320
359 2320
424 2320
430 2320
470 2320
554 2320
614 2320
676 2320
734 2320
805 2320
857 2320
904 2320
933 2320
994 2320
1092 2320
1096 2320
1153 2320
1236 2320
1259 2320
1356 2320
1364 2320
1384 2320
1466 2320
1484 2320
1505 2320
86 2400
151 2400
190 2400
82 2436
176 2436
245 2436
313 2436
354 2436
368 2436
391 2436
455 2436
474 2436
539 2436
586 2436
653 2436
676 2436
700 2436
716 2436
752 2436
828 2436
869 2436
918 2436
959 2436
1055 2436
1125 2436
1181 2436
1218 2436
1237 2436
1327 2436
1419 2436
1422 2436
1516 2436
1575 2436
1597 2436
1598 2436
1640 2436
1701 2436
1744 2436
1808 2436
1870 2436
1895 2436
1962 2436
1974 2436
2069 2436
2087 2436
2176 2436
2237 2436
2266 2436
2352 2436
2404 2436
2447 2436
2542 2436
2599 2436
2680 2436
2759 2436
2811 2436
2892 2436
2921 2436
3020 2436
3074 2436
3140 2436
3206 2436
3297 2436
3373 2436
3397 2436
3417 2436
3514 2436
3608 2436
3629 2436
3710 2436
3737 2436
3775 2436
3819 2436
3855 2436
3898 2436
3937 2436
3946 2436
4 2457
11 2457
92 2483
177 2483
221 2483
238 2483
261 2483
268 2483
355 2483
391 2483
468 2483
521 2483
539 2483
579 2483
675 2483
687 2483
689 2483
786 2483
880 2483
959 2483
999 2483
1007 2483
1080 2483
1165 2483
1240 2483
1242 2483
1320 2483
1324 2483
1351 2483
1386 2483
1440 2483
1471 2483
1555 2483
1558 2483
1565 2483
1588 2483
1633 2483
1723 2483
1749 2483
1804 2483
1841 2483
1857 2483
1869 2483
1935 2483
1936 2483
1944 2483
2000 2483
2045 2483
2094 2483
2129 2483
2201 2483
2246 2483
2307 2483
2347 2483
2415 2483
2428 2483
2526 2483
2550 2483
2575 2483
2587 2483
2635 2483
2708 2483
2803 2483
2855 2483
2921 2483
2981 2483
3052 2483
3059 2483
3101 2483
3130 2483
3206 2483
3215 2483
3249 2483
3315 2483
3362 2483
3363 2483
3446 2483
3487 2483
3580 2483
3588 2483
3632 2483
3634 2483
3667 2483
3733 2483
3753 2483
3771 2483
3778 2483
3828 2483
3869 2483
3927 2483
3943 2483
3946 2483
31 2488
107 2488
182 2488
241 2488
286 2488
303 2488
355 2488
448 2488
483 2488
563 2488
569 2488
630 2488
719 2488
730 2488
758 2488
762 2488
859 2488
955 2488
1010 2488
1065 2488
1117 2488
1121 2488
1203 2488
1225 2488
1284 2488
1294 2488
1359 2488
1403 2488
1482 2488
1528 2488
1561 2488
1652 2488
1714 2488
1773 2488
1803 2488
1858 2488
1878 2488
1947 2488
2038 2488
2133 2488
2146 2488
2176 2488
2212 2488
2280 2488
2328 2488
2343 2488
2351 2488
2391 2488
2429 2488
2475 2488
2488 2488
2568 2488
2642 2488
49 2569
126 2569
190 2569
209 2569
213 2569
215 2569
288 2569
380 2569
471 2569
479 2569
485 2569
541 2569
562 2569
655 2569
712 2569
771 2569
839 2569
851 2569
930 2569
64 2602
130 2602
144 2602
230 2602
299 2602
332 2602
422 2602
505 2602
560 2602
604 2602
607 2602
613 2602
672 2602
715 2602
762 2602
798 2602
873 2602
929 2602
939 2602
969 2602
1037 2602
1121 2602
1203 2602
1219 2602
1245 2602
1314 2602
1396 2602
1481 2602
1520 2602
1615 2602
1637 2602
1670 2602
1722 2602
1754 2602
1794 2602
1842 2602
1866 2602
1928 2602
2000 2602
2040 2602
2119 2602
2181 2602
2192 2602
2222 2602
2245 2602
2247 2602
2314 2602
2383 2602
2462 2602
2541 2602
2559 2602
2601 2602
2606 2602
2683 2602
2757 2602
2770 2602
2839 2602
2920 2602
2958 2602
2968 2602
3003 2602
3038 2602
3086 2602
3153 2602
3200 2602
3227 2602
3236 2602
3323 2602
3347 2602
3446 2602
3528 2602
3592 2602
3609 2602
3618 2602
3625 2602
3724 2602
3801 2602
3886 2602
3954 2602
87 2611
93 2611
190 2611
250 2611
315 2611
381 2611
437 2611
443 2611
522 2611
561 2611
579 2611
604 2611
631 2611
646 2611
733 2611
755 2611
799 2611
818 2611
866 2611
906 2611
1003 2611
1040 2611
1105 2611
1128 2611
1170 2611
1229 2611
1310 2611
1341 2611
1363 2611
1405 2611
1415 2611
1460 2611
1556 2611
1633 2611
1728 2611
1767 2611
1833 2611
1836 2611
1892 2611
1950 2611
1972 2611
2024 2611
2096 2611
2136 2611
2141 2611
2156 2611
2165 2611
2188 2611
2199 2611
2217 2611
2267 2611
2277 2611
2344 2611
2360 2611
2450 2611
2483 2611
2542 2611
2630 2611
2702 2611
2723 2611
2785 2611
2846 2611
2869 2611
2926 2611
2962 2611
3033 2611
3079 2611
3171 2611
3262 2611
3305 2611
3314 2611
3405 2611
3446 2611
3543 2611
3602 2611
3639 2611
3649 2611
3659 2611
3676 2611
3718 2611
3803 2611
3869 2611
3885 2611
3892 2611
3974 2611
4047 2611
4100 2611
4180 2611
4218 2611
4289 2611
4313 2611
4376 2611
4423 2611
4512 2611
4580 2611
4641 2611
43 2676
51 2676
123 2676
136 2676
201 2676
242 2676
331 2676
428 2676
476 2676
512 2676
601 2676
691 2676
743 2676
832 2676
923 2676
1001 2676
1066 2676
1095 2676
1189 2676
1196 2676
1247 2676
1269 2676
1324 2676
1325 2676
1328 2676
1347 2676
1376 2676
1412 2676
1470 2676
1490 2676
1518 2676
1549 2676
1628 2676
1685 2676
1765 2676
1772 2676
1836 2676
1934 2676
1949 2676
2020 2676
2089 2676
2132 2676
2145 2676
2195 2676
2282 2676
2285 2676
2303 2676
2305 2676
2403 2676
2423 2676
2470 2676
2533 2676
2550 2676
2607 2676
2656 2676
2691 2676
2735 2676
2749 2676
2809 2676
2859 2676
2956 2676
2996 2676
3000 2676
3077 2676
3103 2676
3124 2676
3127 2676
3138 2676
3201 2676
3218 2676
3241 2676
43 2695
108 2695
114 2695
191 2695
279 2695
361 2695
393 2695
485 2695
574 2695
647 2695
663 2695
711 2695
724 2695
766 2695
788 2695
880 2695
913 2695
936 2695
945 2695
967 2695
991 2695
1031 2695
1065 2695
1142 2695
1235 2695
1293 2695
1332 2695
1352 2695
1423 2695
1476 2695
1514 2695
1577 2695
1671 2695
1764 2695
1801 2695
1897 2695
1975 2695
2051 2695
2070 2695
2111 2695
2201 2695
59 2713
73 2713
109 2713
133 2713
213 2713
230 2713
308 2713
310 2713
331 2713
73 2728
100 2728
166 2728
246 2728
282 2728
308 2728
327 2728
367 2728
425 2728
485 2728
505 2728
587 2728
639 2728
684 2728
719 2728
753 2728
840 2728
885 2728
890 2728
961 2728
1022 2728
1055 2728
1104 2728
1195 2728
1294 2728
1313 2728
1349 2728
1416 2728
1430 2728
1438 2728
1498 2728
1562 2728
1580 2728
1622 2728
1703 2728
1738 2728
1762 2728
1843 2728
1897 2728
1909 2728
2007 2728
2095 2728
2185 2728
2247 2728
2265 2728
2334 2728
2376 2728
2390 2728
2446 2728
2455 2728
2515 2728
2530 2728
2552 2728
2638 2728
87 2780
126 2780
215 2780
252 2780
342 2780
370 2780
409 2780
456 2780
477 2780
539 2780
550 2780
645 2780
662 2780
703 2780
712 2780
807 2780
874 2780
899 2780
995 2780
1069 2780
1153 2780
1247 2780
1324 2780
1369 2780
1467 2780
1526 2780
1562 2780
1590 2780
1620 2780
1692 2780
1710 2780
1807 2780
1842 2780
1867 2780
1963 2780
1967 2780
1984 2780
2083 2780
2175 2780
2218 2780
2222 2780
2229 2780
2259 2780
2352 2780
2435 2780
2511 2780
2566 2780
2598 2780
2636 2780
2720 2780
2735 2780
2815 2780
2892 2780
2991 2780
3082 2780
3146 2780
3241 2780
3308 2780
3399 2780
3471 2780
3481 2780
3526 2780
3535 2780
3555 2780
3581 2780
3632 2780
3660 2780
3695 2780
3757 2780
3808 2780
3867 2780
3893 2780
3945 2780
4005 2780
4083 2780
4145 2780
4225 2780
4305 2780
4355 2780
4435 2780
4462 2780
4553 2780
4607 2780
4668 2780
4753 2780
4798 2780
4799 2780
4875 2780
4904 2780
4921 2780
4925 2780
4967 2780
5038 2780
5054 2780
5124 2780
91 2852
164 2852
252 2852
262 2852
360 2852
437 2852
536 2852
548 2852
563 2852
633 2852
727 2852
801 2852
878 2852
966 2852
1027 2852
1101 2852
1107 2852
1159 2852
1219 2852
1241 2852
1313 2852
1317 2852
1363 2852
1429 2852
1488 2852
1530 2852
1626 2852
1656 2852
1725 2852
1751 2852
1840 2852
1930 2852
1938 2852
1944 2852
1964 2852
2027 2852
54 2877
77 2877
93 2877
108 2877
187 2877
255 2877
283 2877
288 2877
364 2877
457 2877
500 2877
517 2877
539 2877
554 2877
651 2877
666 2877
721 2877
765 2877
826 2877
924 2877
1007 2877
1076 2877
1141 2877
1238 2877
1252 2877
1299 2877
1365 2877
1450 2877
1480 2877
1488 2877
1502 2877
1506 2877
1567 2877
1635 2877
1653 2877
1726 2877
1780 2877
1855 2877
1891 2877
1971 2877
2021 2877
2098 2877
2114 2877
2168 2877
2216 2877
2224 2877
2251 2877
2292 2877
2389 2877
2473 2877
2545 2877
2573 2877
2627 2877
2644 2877
2710 2877
2778 2877
79 2893
123 2893
173 2893
233 2893
268 2893
354 2893
392 2893
451 2893
522 2893
557 2893
638 2893
710 2893
785 2893
804 2893
852 2893
878 2893
911 2893
984 2893
1028 2893
1101 2893
1191 2893
1280 2893
1326 2893
1397 2893
1483 2893
1563 2893
1632 2893
1680 2893
1696 2893
1744 2893
1804 2893
1875 2893
1922 2893
1950 2893
1966 2893
1994 2893
2070 2893
2156 2893
2177 2893
2252 2893
2313 2893
2369 2893
2381 2893
2419 2893
2487 2893
2514 2893
2547 2893
2584 2893
2657 2893
2710 2893
2791 2893
2819 2893
2850 2893
2886 2893
2921 2893
3017 2893
3042 2893
3062 2893
3099 2893
3128 2893
3172 2893
3206 2893
3222 2893
3292 2893
3358 2893
3377 2893
3472 2893
3565 2893
3622 2893
3643 2893
3655 2893
3713 2893
3793 2893
3890 2893
3901 2893
3945 2893
4018 2893
4042 2893
4051 2893
4128 2893
4202 2893
4245 2893
4314 2893
4354 2893
4387 2893
4483 2893
4525 2893
4569 2893
4593 2893
4620 2893
4695 2893
14 2967
41 2967
128 2967
132 2967
168 2967
190 2967
230 2967
322 2967
377 2967
399 2967
403 2967
478 2967
509 2967
605 2967
607 2967
695 2967
724 2967
739 2967
782 2967
786 2967
864 2967
946 2967
951 2967
958 2967
959 2967
1019 2967
1082 2967
1115 2967
1202 2967
1272 2967
1297 2967
1368 2967
1426 2967
1452 2967
1486 2967
27 3004
73 3004
98 3004
107 3004
198 3004
285 3004
300 3004
315 3004
354 3004
408 3004
439 3004
498 3004
576 3004
672 3004
673 3004
724 3004
781 3004
869 3004
891 3004
894 3004
899 3004
904 3004
915 3004
962 3004
1034 3004
1054 3004
1119 3004
1148 3004
1150 3004
1170 3004
1242 3004
1314 3004
1404 3004
1494 3004
1530 3004
1563 3004
1593 3004
1647 3004
1735 3004
1807 3004
1885 3004
1918 3004
1981 3004
2054 3004
2153 3004
2230 3004
2261 3004
2306 3004
2375 3004
2405 3004
2491 3004
2506 3004
2550 3004
2573 3004
2616 3004
2639 3004
2686 3004
2688 3004
2699 3004
2758 3004
2812 3004
2847 3004
2899 3004
2961 3004
3032 3004
3100 3004
3146 3004
3223 3004
3251 3004
3285 3004
3307 3004
3406 3004
3416 3004
3444 3004
3485 3004
3548 3004
3559 3004
3619 3004
32 3033
56 3033
124 3033
200 3033
294 3033
312 3033
333 3033
384 3033
475 3033
552 3033
639 3033
641 3033
670 3033
697 3033
729 3033
731 3033
826 3033
871 3033
901 3033
981 3033
1050 3033
1108 3033
1184 3033
1274 3033
1318 3033
1346 3033
1355 3033
1425 3033
1503 3033
1600 3033
1640 3033
1705 3033
1793 3033
1840 3033
1888 3033
1979 3033
2040 3033
2098 3033
2189 3033
2219 3033
2231 3033
2300 3033
2321 3033
2360 3033
2445 3033
2501 3033
2581 3033
2654 3033
2713 3033
2789 3033
2843 3033
2933 3033
2986 3033
3080 3033
3111 3033
3164 3033
3204 3033
3277 3033
3315 3033
3359 3033
3411 3033
3422 3033
3480 3033
3484 3033
3488 3033
3539 3033
3563 3033
3601 3033
3658 3033
3704 3033
3771 3033
3803 3033
3843 3033
3935 3033
3992 3033
4067 3033
4109 3033
4179 3033
4267 3033
4361 3033
4392 3033
39 3076
71 3076
169 3076
259 3076
355 3076
444 3076
463 3076
562 3076
599 3076
698 3076
789 3076
833 3076
921 3076
993 3076
1010 3076
1087 3076
1119 3076
1192 3076
1242 3076
1274 3076
1339 3076
1426 3076
1439 3076
1496 3076
1558 3076
1602 3076
1661 3076
1685 3076
1771 3076
1815 3076
1888 3076
1952 3076
2019 3076
2089 3076
2154 3076
2186 3076
2228 3076
2245 3076
2275 3076
2316 3076
2400 3076
2491 3076
2586 3076
2647 3076
2660 3076
2745 3076
2765 3076
2809 3076
2829 3076
2900 3076
2963 3076
2989 3076
3054 3076
3085 3076
3172 3076
3243 3076
3291 3076
3333 3076
3359 3076
3405 3076
3466 3076
3519 3076
3576 3076
3625 3076
3634 3076
3667 3076
3694 3076
3772 3076
3844 3076
3923 3076
3981 3076
3998 3076
4040 3076
4085 3076
4161 3076
4173 3076
4265 3076
4363 3076
4364 3076
4384 3076
4399 3076
4452 3076
4463 3076
4497 3076
4542 3076
4549 3076
4634 3076
4689 3076
57 3106
116 3106
138 3106
236 3106
295 3106
350 3106
356 3106
454 3106
491 3106
543 3106
553 3106
634 3106
678 3106
83 3130
103 3130
105 3130
202 3130
227 3130
264 3130
297 3130
299 3130
379 3130
436 3130
532 3130
631 3130
666 3130
26 3150
40 3150
43 3150
77 3150
136 3150
209 3150
228 3150
244 3150
304 3150
47 3156
101 3156
134 3156
200 3156
261 3156
350 3156
449 3156
531 3156
555 3156
634 3156
721 3156
751 3156
795 3156
869 3156
895 3156
987 3156
989 3156
1061 3156
1129 3156
1140 3156
1167 3156
1223 3156
1250 3156
1338 3156
1408 3156
1496 3156
1526 3156
1541 3156
1606 3156
1679 3156
1766 3156
1803 3156
1814 3156
1850 3156
64 3228
68 3228
100 3228
191 3228
218 3228
261 3228
317 3228
357 3228
375 3228
391 3228
462 3228
521 3228
573 3228
631 3228
640 3228
736 3228
797 3228
867 3228
913 3228
984 3228
1050 3228
1116 3228
1181 3228
1241 3228
1284 3228
1380 3228
1393 3228
1479 3228
1564 3228
1569 3228
69 3235
93 3235
77 3316
165 3316
202 3316
224 3316
286 3316
380 3316
423 3316
441 3316
501 3316
504 3316
514 3316
515 3316
516 3316
550 3316
625 3316
696 3316
775 3316
844 3316
908 3316
932 3316
951 3316
996 3316
1076 3316
1105 3316
1161 3316
1183 3316
1276 3316
1297 3316
1347 3316
1427 3316
1481 3316
1576 3316
1651 3316
1679 3316
1748 3316
1825 3316
1889 3316
1922 3316
1996 3316
2085 3316
2121 3316
2156 3316
2178 3316
2228 3316
2307 3316
2332 3316
2376 3316
2451 3316
2484 3316
2555 3316
2623 3316
2663 3316
2754 3316
2803 3316
2877 3316
2914 3316
2949 3316
3008 3316
3019 3316
3067 3316
3078 3316
3138 3316
3171 3316
3199 3316
3268 3316
3291 3316
3373 3316
3424 3316
3442 3316
3512 3316
3562 3316
3643 3316
3738 3316
3772 3316
3793 3316
3868 3316
3928 3316
3985 3316
4077 3316
4085 3316
4104 3316
4183 3316
4244 3316
4335 3316
25 3415
87 3415
124 3415
174 3415
19 3481
100 3481
119 3481
170 3481
193 3481
194 3481
253 3481
277 3481
327 3481
411 3481
504 3481
510 3481
515 3481
543 3481
640 3481
679 3481
761 3481
805 3481
874 3481
940 3481
964 3481
1000 3481
1098 3481
1195 3481
1277 3481
1354 3481
1405 3481
1504 3481
2 3542
11 3542
61 3542
88 3542
183 3542
230 3542
275 3542
364 3542
383 3542
398 3542
479 3542
549 3542
617 3542
677 3542
776 3542
865 3542
879 3542
953 3542
981 3542
1048 3542
1076 3542
1168 3542
1234 3542
55 3565
92 3565
123 3565
168 3565
203 3565
208 3565
295 3565
366 3565
420 3565
428 3565
520 3565
583 3565
586 3565
629 3565
701 3565
778 3565
834 3565
850 3565
903 3565
917 3565
926 3565
991 3565
1029 3565
1057 3565
1140 3565
1145 3565
1146 3565
1226 3565
1318 3565
33 3590
121 3590
210 3590
216 3590
295 3590
306 3590
385 3590
481 3590
525 3590
556 3590
565 3590
628 3590
690 3590
726 3590
741 3590
795 3590
876 3590
970 3590
1019 3590
1073 3590
1143 3590
1193 3590
1196 3590
1211 3590
1300 3590
1354 3590
1360 3590
1363 3590
1400 3590
1413 3590
1468 3590
1523 3590
1564 3590
1572 3590
1607 3590
1672 3590
1709 3590
1794 3590
1844 3590
1921 3590
20 3615
93 3615
164 3615
170 3615
176 3615
216 3615
229 3615
271 3615
276 3615
348 3615
359 3615
388 3615
407 3615
491 3615
511 3615
514 3615
548 3615
577 3615
606 3615
683 3615
737 3615
800 3615
892 3615
896 3615
911 3615
931 3615
978 3615
1029 3615
1043 3615
1107 3615
1197 3615
1269 3615
1295 3615
1306 3615
1327 3615
1424 3615
1484 3615
1488 3615
1585 3615
1598 3615
1605 3615
1664 3615
1740 3615
1789 3615
1831 3615
1859 3615
1936 3615
2003 3615
2062 3615
2113 3615
2125 3615
2143 3615
2235 3615
2279 3615
2350 3615
2380 3615
2394 3615
2462 3615
2542 3615
2581 3615
2618 3615
2621 3615
2644 3615
2675 3615
2686 3615
2728 3615
2787 3615
2828 3615
2852 3615
2949 3615
2986 3615
3069 3615
3131 3615
3142 3615
3238 3615
3300 3615
3390 3615
3406 3615
3421 3615
3498 3615
3521 3615
86 3681
174 3681
222 3681
269 3681
305 3681
378 3681
452 3681
531 3681
609 3681
708 3681
775 3681
804 3681
817 3681
844 3681
887 3681
971 3681
998 3681
1053 3681
27 3736
123 3736
187 3736
247 3736
338 3736
404 3736
454 3736
527 3736
567 3736
595 3736
655 3736
720 3736
794 3736
832 3736
848 3736
872 3736
909 3736
1008 3736
1081 3736
1178 3736
1258 3736
1349 3736
1402 3736
1417 3736
1471 3736
1511 3736
1606 3736
1631 3736
1649 3736
1688 3736
1696 3736
1746 3736
1810 3736
1867 3736
1890 3736
1916 3736
1933 3736
1998 3736
2070 3736
2162 3736
2187 3736
2209 3736
2265 3736
2296 3736
2372 3736
2386 3736
2407 3736
2475 3736
2523 3736
2619 3736
2679 3736
2729 3736
43 3763
47 3763
134 3763
172 3763
232 3763
312 3763
402 3763
412 3763
504 3763
569 3763
595 3763
619 3763
680 3763
693 3763
777 3763
870 3763
943 3763
1018 3763
1096 3763
1130 3763
1176 3763
1192 3763
1231 3763
1323 3763
1396 3763
1460 3763
1530 3763
1538 3763
1632 3763
1709 3763
1756 3763
1779 3763
1841 3763
1883 3763
1967 3763
1974 3763
2000 3763
2055 3763
2142 3763
2168 3763
2197 3763
2275 3763
2312 3763
2332 3763
2405 3763
2485 3763
2556 3763
2643 3763
2717 3763
2739 3763
2755 3763
3 3826
73 3826
139 3826
147 3826
215 3826
234 3826
327 3826
412 3826
416 3826
480 3826
538 3826
583 3826
618 3826
688 3826
730 3826
772 3826
841 3826
845 3826
922 3826
975 3826
1040 3826
1139 3826
1221 3826
1283 3826
1312 3826
1392 3826
1447 3826
1486 3826
1578 3826
1580 3826
1663 3826
1729 3826
1794 3826
1831 3826
1926 3826
1951 3826
1956 3826
2019 3826
2026 3826
2030 3826
2122 3826
2143 3826
2146 3826
2157 3826
2178 3826
2230 3826
2244 3826
2321 3826
2338 3826
2381 3826
2436 3826
2447 3826
2477 3826
2538 3826
2587 3826
2609 3826
2671 3826
2757 3826
2818 3826
2854 3826
2917 3826
2924 3826
2989 3826
3079 3826
3149 3826
3198 3826
3217 3826
3221 3826
3295 3826
3303 3826
3363 3826
3393 3826
3394 3826
3404 3826
3426 3826
3466 3826
3526 3826
3567 3826
39 3907
70 3907
165 3907
261 3907
352 3907
449 3907
461 3907
522 3907
532 3907
587 3907
620 3907
704 3907
730 3907
802 3907
825 3907
888 3907
957 3907
961 3907
995 3907
1080 3907
1130 3907
1160 3907
1206 3907
1262 3907
1346 3907
1383 3907
1466 3907
1480 3907
1527 3907
1529 3907
1590 3907
1606 3907
1662 3907
1726 3907
1783 3907
1865 3907
1885 3907
1949 3907
1985 3907
29 3946
55 3946
96 3946
162 3946
250 3946
277 3946
344 3946
421 3946
500 3946
507 3946
527 3946
591 3946
592 3946
641 3946
707 3946
713 3946
795 3946
872 3946
966 3946
989 3946
1006 3946
1024 3946
1046 3946
1131 3946
1171 3946
1181 3946
1273 3946
1318 3946
1381 3946
1412 3946
1499 3946
1598 3946
1604 3946
1703 3946
1794 3946
1838 3946
1921 3946
2012 3946
2022 3946
2108 3946
2129 3946
2180 3946
2186 3946
2252 3946
2342 3946
2371 3946
2424 3946
2513 3946
2544 3946
2561 3946
2573 3946
2643 3946
2717 3946
2808 3946
2851 3946
2929 3946
3022 3946
3114 3946
3197 3946
3286 3946
3361 3946
3448 3946
3472 3946
3488 3946
3519 3946
3602 3946
3693 3946
3763 3946
3816 3946
3880 3946
3888 3946
3979 3946
4007 3946
4021 3946
4109 3946
4205 3946
4273 3946
4306 3946
4361 3946
4423 3946
4490 3946
4533 3946
4612 3946
4704 3946
4768 3946
5 3958
85 3958
143 3958
224 3958
256 3958
332 3958
405 3958
458 3958
500 3958
597 3958
656 3958
685 3958
773 3958
861 3958
915 3958
1006 3958
1070 3958
1093 3958
1149 3958
1204 3958
1299 3958
1374 3958
1397 3958
1402 3958
1420 3958
1490 3958
1493 3958
1580 3958
1676 3958
1723 3958
1796 3958
1871 3958
1904 3958
1949 3958
2022 3958
2108 3958
2177 3958
2191 3958
2280 3958
2286 3958
2311 3958
2347 3958
2369 3958
2372 3958
2471 3958
2519 3958
2527 3958
2560 3958
2565 3958
2658 3958
2740 3958
2768 3958
2792 3958
2803 3958
2870 3958
2947 3958
2985 3958
2999 3958
3068 3958
3149 3958
3201 3958
3206 3958
3299 3958
3311 3958
3395 3958
3426 3958
3512 3958
3578 3958
3629 3958
3718 3958
3765 3958
3770 3958
3779 3958
3812 3958
3896 3958
3957 3958
3975 3958
4007 3958
4030 3958
4082 3958
4096 3958
4190 3958
4233 3958
4278 3958
4286 3958
4385 3958
4439 3958
4523 3958
4556 3958
4611 3958
4676 3958
0 4047
55 4047
136 4047
147 4047
217 4047
294 4047
393 4047
481 4047
512 4047
566 4047
630 4047
695 4047
729 4047
795 4047
836 4047
861 4047
947 4047
973 4047
1011 4047
1090 4047
1106 4047
1120 4047
1172 4047
1237 4047
1282 4047
1355 4047
1448 4047
1457 4047
1484 4047
1567 4047
1572 4047
1661 4047
1760 4047
1815 4047
1873 4047
1962 4047
2003 4047
2019 4047
2090 4047
2120 4047
2170 4047
2227 4047
2265 4047
2359 4047
2375 4047
2410 4047
2443 4047
2457 4047
2508 4047
2604 4047
2638 4047
2721 4047
2736 4047
2742 4047
2808 4047
2860 4047
2930 4047
2946 4047
3028 4047
3120 4047
3124 4047
3164 4047
3251 4047
3336 4047
3344 4047
3397 4047
3467 4047
3469 4047
80 4145
170 4145
207 4145
271 4145
304 4145
394 4145
425 4145
427 4145
514 4145
606 4145
615 4145
630 4145
697 4145
778 4145
842 4145
938 4145
991 4145
1071 4145
1092 4145
1127 4145
1132 4145
1208 4145
1236 4145
1256 4145
1258 4145
1331 4145
1348 4145
1445 4145
98 4178
183 4178
220 4178
244 4178
304 4178
374 4178
380 4178
477 4178
569 4178
634 4178
669 4178
753 4178
758 4178
846 4178
850 4178
860 4178
893 4178
975 4178
1005 4178
1062 4178
1149 4178
1216 4178
1248 4178
1270 4178
1293 4178
1305 4178
1329 4178
1406 4178
1459 4178
1515 4178
1536 4178
1558 4178
1573 4178
1603 4178
1627 4178
1714 4178
1746 4178
1793 4178
1828 4178
1835 4178
1848 4178
1936 4178
2032 4178
2110 4178
2188 4178
2235 4178
2309 4178
2368 4178
2467 4178
2495 4178
2547 4178
2623 4178
2671 4178
2716 4178
2810 4178
2890 4178
2985 4178
3014 4178
3058 4178
3123 4178
3160 4178
3207 4178
3280 4178
3301 4178
3378 4178
3435 4178
3451 4178
3500 4178
36 4224
89 4224
185 4224
230 4224
282 4224
379 4224
460 4224
496 4224
525 4224
540 4224
561 4224
583 4224
588 4224
644 4224
647 4224
730 4224
787 4224
834 4224
872 4224
900 4224
921 4224
930 4224
938 4224
1018 4224
1100 4224
1163 4224
1185 4224
1203 4224
1262 4224
1325 4224
1327 4224
1339 4224
1380 4224
1443 4224
1537 4224
1635 4224
1731 4224
1829 4224
1886 4224
1957 4224
1966 4224
1992 4224
2035 4224
2077 4224
2149 4224
2196 4224
2237 4224
2327 4224
2370 4224
2393 4224
2422 4224
2517 4224
2533 4224
2630 4224
2716 4224
2803 4224
2883 4224
2897 4224
2986 4224
2987 4224
3015 4224
3035 4224
3045 4224
3110 4224
3144 4224
3189 4224
3191 4224
3269 4224
3289 4224
3314 4224
3383 4224
3458 4224
3554 4224
3604 4224
3620 4224
3712 4224
3756 4224
3779 4224
3800 4224
3881 4224
3950 4224
78 4309
91 4309
136 4309
215 4309
293 4309
326 4309
367 4309
433 4309
471 4309
561 4309
622 4309
659 4309
704 4309
756 4309
799 4309
846 4309
847 4309
887 4309
907 4309
940 4309
989 4309
1072 4309
1129 4309
1179 4309
1250 4309
1304 4309
1374 4309
1429 4309
1502 4309
1527 4309
1551 4309
1618 4309
1677 4309
1748 4309
1780 4309
1801 4309
1810 4309
1892 4309
1940 4309
2001 4309
2007 4309
2028 4309
2120 4309
2123 4309
2216 4309
2312 4309
2346 4309
2421 4309
2448 4309
2456 4309
2548 4309
91 4373
137 4373
90 4459
144 4459
158 4459
192 4459
248 4459
252 4459
298 4459
344 4459
346 4459
413 4459
415 4459
416 4459
505 4459
510 4459
602 4459
637 4459
720 4459
798 4459
887 4459
929 4459
971 4459
1017 4459
1051 4459
1053 4459
1088 4459
1117 4459
1174 4459
1183 4459
1264 4459
1352 4459
1354 4459
1406 4459
1426 4459
1499 4459
1529 4459
1577 4459
1630 4459
1633 4459
1669 4459
1731 4459
1790 4459
1841 4459
1853 4459
1901 4459
1961 4459
2057 4459
2091 4459
2147 4459
2221 4459
2298 4459
2337 4459
2424 4459
2494 4459
2548 4459
2582 4459
2635 4459
2688 4459
2748 4459
2769 4459
2778 4459
2809 4459
2891 4459
2969 4459
3053 4459
3067 4459
68 4558
167 4558
250 4558
306 4558
326 4558
419 4558
448 4558
516 4558
599 4558
629 4558
638 4558
730 4558
822 4558
845 4558
869 4558
949 4558
1048 4558
1115 4558
1167 4558
1244 4558
1288 4558
1365 4558
1394 4558
1428 4558
1486 4558
1561 4558
1629 4558
1677 4558
1719 4558
1727 4558
1779 4558
1877 4558
1958 4558
2003 4558
2055 4558
2081 4558
2096 4558
2172 4558
2206 4558
2228 4558
2241 4558
2247 4558
2254 4558
2293 4558
2386 4558
2421 4558
2426 4558
2476 4558
2526 4558
2546 4558
2621 4558
2686 4558
2741 4558
2806 4558
2885 4558
2898 4558
2936 4558
2955 4558
3001 4558
3020 4558
3092 4558
3104 4558
3191 4558
3276 4558
3284 4558
3299 4558
3355 4558
3358 4558
3455 4558
3551 4558
3559 4558
3605 4558
3612 4558
3633 4558
3716 4558
3791 4558
3795 4558
3849 4558
3850 4558
3942 4558
3980 4558
4018 4558
95 4565
97 4565
147 4565
185 4565
211 4565
245 4565
298 4565
372 4565
461 4565
467 4565
563 4565
640 4565
735 4565
755 4565
771 4565
855 4565
864 4565
932 4565
1011 4565
1012 4565
1055 4565
1131 4565
1165 4565
1263 4565
1327 4565
1373 4565
1388 4565
1415 4565
1461 4565
1493 4565
1529 4565
1588 4565
1593 4565
1684 4565
1741 4565
1799 4565
1843 4565
1925 4565
1981 4565
2078 4565
2116 4565
2171 4565
2233 4565
2300 4565
2370 4565
2389 4565
2417 4565
2426 4565
2448 4565
2535 4565
2609 4565
2616 4565
2644 4565
2712 4565
2719 4565
2793 4565
2839 4565
20 4651
70 4651
157 4651
174 4651
177 4651
198 4651
287 4651
344 4651
379 4651
415 4651
473 4651
539 4651
612 4651
618 4651
657 4651
682 4651
743 4651
805 4651
51 4683
122 4683
170 4683
266 4683
288 4683
368 4683
398 4683
481 4683
556 4683
638 4683
675 4683
717 4683
739 4683
786 4683
812 4683
873 4683
883 4683
888 4683
964 4683
969 4683
986 4683
995 4683
997 4683
1006 4683
1092 4683
1110 4683
1152 4683
1204 4683
1209 4683
1224 4683
1260 4683
1312 4683
1355 4683
1442 4683
1496 4683
1578 4683
1660 4683
1717 4683
1778 4683
1786 4683
1818 4683
1831 4683
1845 4683
1914 4683
2012 4683
2079 4683
2108 4683
2141 4683
2206 4683
2280 4683
2371 4683
2423 4683
2476 4683
2483 4683
2519 4683
2617 4683
2696 4683
2713 4683
2727 4683
2825 4683
2850 4683
2885 4683
2963 4683
3023 4683
3031 4683
3125 4683
3199 4683
3234 4683
3308 4683
3342 4683
3346 4683
3354 4683
3387 4683
3428 4683
3472 4683
3480 4683
3521 4683
3560 4683
3647 4683
3700 4683
3703 4683
3732 4683
3816 4683
3837 4683
3907 4683
4006 4683
4105 4683
4187 4683
4196 4683
4289 4683
4336 4683
4390 4683
4470 4683
46 4718
73 4718
145 4718
206 4718
260 4718
263 4718
266 4718
294 4718
362 4718
403 4718
473 4718
486 4718
555 4718
620 4718
627 4718
643 4718
737 4718
765 4718
781 4718
792 4718
843 4718
876 4718
952 4718
983 4718
1009 4718
1017 4718
1093 4718
1179 4718
1230 4718
1249 4718
1290 4718
1353 4718
1412 4718
1502 4718
1558 4718
1596 4718
1656 4718
1698 4718
1725 4718
1738 4718
1823 4718
1907 4718
1949 4718
1968 4718
2059 4718
2103 4718
2167 4718
2237 4718
2289 4718
2314 4718
2376 4718
2394 4718
2440 4718
2514 4718
2550 4718
2554 4718
2569 4718
2662 4718
2709 4718
2735 4718
2746 4718
2845 4718
2914 4718
2959 4718
2962 4718
3005 4718
3018 4718
3083 4718
3133 4718
3146 4718
3216 4718
3237 4718
3316 4718
3389 4718
20 4762
82 4762
173 4762
176 4762
201 4762
230 4762
274 4762
364 4762
47 4807
128 4807
189 4807
227 4807
301 4807
349 4807
379 4807
431 4807
444 4807
463 4807
466 4807
561 4807
614 4807
644 4807
679 4807
771 4807
832 4807
926 4807
988 4807
1040 4807
1139 4807
1197 4807
1271 4807
1272 4807
1331 4807
1395 4807
1404 4807
1476 4807
1542 4807
1552 4807
1572 4807
1668 4807
1765 4807
1791 4807
1826 4807
1849 4807
1948 4807
1961 4807
1984 4807
2042 4807
2138 4807
2191 4807
2213 4807
2249 4807
2274 4807
2300 4807
2312 4807
2366 4807
2432 4807
2511 4807
2586 4807
2597 4807
2613 4807
2694 4807
2754 4807
2841 4807
2930 4807
3001 4807
3040 4807
3044 4807
3066 4807
3112 4807
3125 4807
3137 4807
3143 4807
3166 4807
3265 4807
3338 4807
3427 4807
3466 4807
3476 4807
3575 4807
3636 4807
3705 4807
3794 4807
3851 4807
3905 4807
3971 4807
3995 4807
4016 4807
4017 4807
4020 4807
4103 4807
4157 4807
4254 4807
4270 4807
4366 4807
4431 4807
4517 4807
4594 4807
4649 4807
4657 4807
4712 4807
4745 4807
4773 4807
4861 4807
4902 4807
4992 4807
5058 4807
3 4837
25 4837
44 4837
61 4837
110 4837
113 4837
180 4837
256 4837
327 4837
391 4837
457 4837
529 4837
607 4837
630 4837
713 4837
763 4837
848 4837
868 4837
937 4837
1010 4837
1021 4837
1060 4837
1099 4837
1163 4837
1180 4837
1188 4837
1277 4837
1336 4837
1346 4837
1435 4837
1503 4837
1523 4837
1620 4837
1717 4837
1764 4837
1785 4837
1795 4837
1850 4837
1898 4837
1985 4837
2039 4837
2040 4837
2103 4837
2202 4837
2233 4837
2276 4837
2291 4837
2346 4837
2422 4837
8 4857
57 4857
72 4857
157 4857
177 4857
266 4857
331 4857
346 4857
347 4857
442 4857
480 4857
533 4857
596 4857
604 4857
665 4857
721 4857
763 4857
828 4857
831 4857
854 4857
866 4857
896 4857
990 4857
1054 4857
1131 4857
1230 4857
1271 4857
1305 4857
1341 4857
1354 4857
1448 4857
1450 4857
1549 4857
1610 4857
1674 4857
1717 4857
1758 4857
1780 4857
1818 4857
1899 4857
1903 4857
1988 4857
2061 4857
2126 4857
2163 4857
2175 4857
2248 4857
2318 4857
2331 4857
2360 4857
2449 4857
2466 4857
2555 4857
2610 4857
2705 4857
2777 4857
2836 4857
2906 4857
2910 4857
2944 4857
2959 4857
3015 4857
3058 4857
3136 4857
74 4902
103 4902
175 4902
267 4902
316 4902
399 4902
431 4902
458 4902
495 4902
536 4902
554 4902
589 4902
597 4902
617 4902
624 4902
674 4902
723 4902
804 4902
888 4902
981 4902
997 4902
1025 4902
1097 4902
1167 4902
1210 4902
1256 4902
1260 4902
1346 4902
1363 4902
1390 4902
1415 4902
1448 4902
1515 4902
1588 4902
1591 4902
1645 4902
1715 4902
1752 4902
1779 4902
1790 4902
1839 4902
1844 4902
1928 4902
2007 4902
2083 4902
2171 4902
2233 4902
2259 4902
2294 4902
2346 4902
2423 4902
2522 4902
2554 4902
2585 4902
2587 4902
2661 4902
71 4953
124 4953
126 4953
202 4953
297 4953
322 4953
414 4953
511 4953
520 4953
602 4953
628 4953
675 4953
770 4953
822 4953
921 4953
976 4953
1067 4953
1083 4953
1092 4953
1164 4953
1230 4953
1309 4953
1387 4953
1413 4953
1442 4953
1464 4953
1554 4953
1651 4953
1740 4953
1799 4953
1828 4953
1847 4953
1881 4953
1934 4953
1968 4953
2033 4953
2037 4953
2062 4953
2114 4953
2158 4953
2237 4953
2267 4953
2332 4953
2356 4953
2403 4953
2469 4953
2529 4953
2584 4953
2641 4953
2660 4953
2736 4953
2769 4953
2791 4953
2838 4953
2935 4953
3031 4953
3108 4953
3179 4953
3260 4953
3350 4953
3404 4953
3416 4953
3425 4953
3463 4953
3513 4953
3607 4953
3645 4953
3660 4953
3683 4953
3701 4953
3799 4953
3818 4953
3914 4953
3927 4953
3982 4953
4019 4953
4057 4953
4099 4953
4198 4953
4294 4953
4391 4953
4419 4953
4486 4953
4549 4953
4612 4953
4631 4953
4690 4953
4753 4953
4769 4953
4837 4953
5 4995
96 4995
102 4995
121 4995
138 4995
183 4995
210 4995
289 4995
322 4995
416 4995
466 4995
555 4995
630 4995
658 4995
684 4995
702 4995
790 4995
843 4995
912 4995
995 4995
1085 4995
1137 4995
1182 4995
1269 4995
1333 4995
78 5048
150 5048
182 5048
185 5048
234 5048
286 5048
361 5048
458 5048
470 5048
545 5048
611 5048
638 5048
645 5048
673 5048
687 5048
693 5048
767 5048
781 5048
822 5048
826 5048
869 5048
873 5048
922 5048
951 5048
1001 5048
1033 5048
1041 5048
1046 5048
1078 5048
1129 5048
1156 5048
1241 5048
1248 5048
1250 5048
1332 5048
1349 5048
1392 5048
1442 5048
1470 5048
1534 5048
1612 5048
1624 5048
1662 5048
1731 5048
1746 5048
1761 5048
1785 5048
1863 5048
1913 5048
1940 5048
2027 5048
2113 5048
2192 5048
2271 5048
2319 5048
2399 5048
2453 5048
2525 5048
2587 5048
2631 5048
2701 5048
2724 5048
2789 5048
2821 5048
2867 5048
2888 5048
2985 5048
3068 5048
3087 5048
3107 5048
3185 5048
3258 5048
3324 5048
3380 5048
3401 5048
3405 5048
3477 5048
3541 5048
3609 5048
3695 5048
3744 5048
3841 5048
3878 5048
3976 5048
4071 5048
4168 5048
4207 5048
4297 5048
4373 5048
4396 5048
4483 5048
58 5062
151 5062
209 5062
308 5062
357 5062
367 5062
383 5062
467 5062
482 5062
564 5062
635 5062
697 5062
720 5062
781 5062
802 5062
832 5062
923 5062
1001 5062
1099 5062
1150 5062
1221 5062
1279 5062
1359 5062
1421 5062
1516 5062
1548 5062
1597 5062
1624 5062
1697 5062
1787 5062
1879 5062
1976 5062
2051 5062
2131 5062
2182 5062
2260 5062
2353 5062
2428 5062
2474 5062
2571 5062
2628 5062
2720 5062
2740 5062
2779 5062
2798 5062
2871 5062
2929 5062
2971 5062
3058 5062
3149 5062
3221 5062
3231 5062
3316 5062
3394 5062
3442 5062
3483 5062
3551 5062
3620 5062
3710 5062
3783 5062
3847 5062
3894 5062
3950 5062
4014 5062
4106 5062
4128 5062
4219 5062
4288 5062
31 5066
47 5066
76 5066
98 5066
144 5066
158 5066
180 5066
274 5066
308 5066
328 5066
372 5066
467 5066
536 5066
544 5066
597 5066
659 5066
679 5066
680 5066
758 5066
809 5066
868 5066
892 5066
917 5066
952 5066
975 5066
980 5066
1041 5066
1099 5066
1108 5066
1153 5066
1158 5066
1197 5066
1217 5066
1315 5066
1364 5066
1407 5066
1494 5066
1499 5066
1502 5066
1592 5066
1606 5066
1673 5066
1700 5066
1753 5066
1794 5066
1887 5066
1910 5066
2004 5066
2020 5066
2052 5066
2109 5066
2152 5066
2213 5066
2225 5066
2258 5066
2260 5066
2317 5066
2407 5066
2456 5066
2488 5066
2568 5066
2643 5066
2697 5066
2739 5066
2808 5066
2841 5066
2931 5066
3018 5066
3115 5066
3204 5066
3219 5066
3309 5066
3376 5066
3398 5066
3418 5066
3496 5066
3548 5066
3644 5066
3737 5066
3745 5066
3759 5066
3805 5066
3846 5066
3848 5066
3856 5066
3865 5066
3876 5066
3922 5066
3962 5066
4024 5066
4062 5066
4111 5066
19 5098
63 5098
145 5098
151 5098
183 5098
274 5098
310 5098
399 5098
423 5098
464 5098
560 5098
596 5098
691 5098
749 5098
848 5098
922 5098
1014 5098
1064 5098
1154 5098
1202 5098
1292 5098
1322 5098
1405 5098
1451 5098
1466 5098
1534 5098
1550 5098
1609 5098
1643 5098
1732 5098
1742 5098
1822 5098
1840 5098
1879 5098
1925 5098
2015 5098
2077 5098
2106 5098
2141 5098
2181 5098
2267 5098
2356 5098
2376 5098
2418 5098
2421 5098
2442 5098
2481 5098
98 5176
138 5176
173 5176
223 5176
313 5176
343 5176
394 5176
435 5176
479 5176
490 5176
579 5176
611 5176
690 5176
737 5176
785 5176
861 5176
900 5176
939 5176
993 5176
1053 5176
1101 5176
1112 5176
52 5253
66 5253
89 5253
96 5253
164 5253
189 5253
212 5253
309 5253
374 5253
388 5253
458 5253
464 5253
481 5253
551 5253
625 5253
681 5253
684 5253
753 5253
754 5253
817 5253
818 5253
819 5253
829 5253
851 5253
914 5253
970 5253
1039 5253
1090 5253
1092 5253
1130 5253
1188 5253
1213 5253
1254 5253
1295 5253
1307 5253
1330 5253
1358 5253
1411 5253
83 5261
153 5261
180 5261
238 5261
310 5261
312 5261
394 5261
402 5261
489 5261
548 5261
581 5261
585 5261
618 5261
701 5261
780 5261
865 5261
961 5261
1014 5261
1041 5261
1056 5261
1081 5261
1155 5261
1190 5261
1275 5261
1323 5261
1380 5261
1381 5261
1474 5261
1498 5261
1565 5261
1644 5261
1664 5261
1693 5261
1731 5261
1748 5261
1790 5261
1819 5261
1891 5261
1941 5261
1953 5261
1955 5261
1976 5261
2044 5261
2058 5261
2135 5261
2158 5261
2231 5261
2285 5261
2364 5261
2460 5261
2508 5261
2590 5261
2641 5261
2681 5261
2742 5261
2790 5261
2858 5261
2902 5261
2928 5261
2969 5261
3046 5261
3061 5261
3099 5261
3192 5261
3283 5261
3327 5261
3361 5261
3401 5261
3416 5261
3487 5261
3531 5261
3602 5261
3672 5261
3754 5261
3794 5261
3844 5261
3891 5261
3990 5261
4054 5261
4072 5261
4148 5261
4218 5261
4223 5261
4260 5261
4358 5261
4436 5261
4456 5261
4485 5261
4492 5261
4554 5261
4623 5261
4683 5261
4695 5261
4699 5261
4737 5261
4798 5261
77 5262
81 5262
138 5262
228 5262
257 5262
0 5277
43 5277
108 5277
132 5277
209 5277
286 5277
365 5277
376 5277
454 5277
472 5277
559 5277
618 5277
685 5277
686 5277
771 5277
806 5277
809 5277
907 5277
995 5277
1085 5277
1136 5277
1226 5277
1259 5277
1312 5277
1380 5277
1405 5277
1447 5277
1517 5277
1526 5277
1558 5277
1581 5277
1592 5277
1619 5277
1710 5277
1807 5277
1855 5277
1881 5277
1947 5277
1991 5277
2028 5277
2125 5277
2208 5277
2287 5277
2344 5277
2373 5277
2426 5277
2509 5277
2533 5277
2576 5277
2596 5277
2687 5277
2770 5277
2829 5277
2894 5277
2955 5277
2988 5277
3010 5277
3077 5277
3093 5277
3156 5277
3158 5277
3222 5277
3293 5277
3340 5277
3382 5277
3477 5277
3567 5277
3633 5277
3642 5277
3716 5277
3793 5277
3818 5277
3915 5277
3934 5277
3936 5277
3974 5277
4069 5277
4098 5277
63 5328
137 5328
192 5328
280 5328
327 5328
335 5328
344 5328
359 5328
386 5328
407 5328
495 5328
508 5328
593 5328
626 5328
673 5328
727 5328
804 5328
807 5328
886 5328
899 5328
954 5328
1024 5328
1106 5328
1157 5328
1235 5328
1237 5328
1301 5328
1366 5328
1412 5328
1484 5328
1530 5328
1624 5328
1629 5328
1687 5328
1706 5328
1752 5328
1806 5328
1840 5328
1886 5328
1925 5328
1956 5328
1991 5328
2028 5328
2101 5328
2105 5328
2108 5328
2204 5328
2264 5328
2357 5328
2427 5328
2522 5328
2597 5328
2667 5328
2710 5328
2783 5328
2843 5328
2905 5328
2962 5328
2986 5328
3003 5328
3030 5328
3077 5328
3138 5328
3211 5328
3303 5328
3318 5328
3409 5328
3442 5328
3509 5328
3602 5328
3642 5328
3696 5328
44 5427
67 5427
105 5427
135 5427
193 5427
195 5427
244 5427
322 5427
362 5427
437 5427
532 5427
609 5427
692 5427
730 5427
804 5427
846 5427
919 5427
1018 5427
1104 5427
1150 5427
1195 5427
1249 5427
1266 5427
1335 5427
1360 5427
1394 5427
1451 5427
1524 5427
1546 5427
1557 5427
1604 5427
1609 5427
1634 5427
1722 5427
1745 5427
1747 5427
88 5490
143 5490
242 5490
337 5490
431 5490
497 5490
549 5490
559 5490
576 5490
601 5490
676 5490
726 5490
822 5490
916 5490
968 5490
976 5490
1044 5490
1143 5490
1201 5490
1264 5490
1333 5490
1398 5490
1450 5490
1532 5490
1597 5490
1633 5490
1675 5490
1704 5490
1707 5490
1780 5490
1825 5490
1871 5490
1948 5490
2031 5490
2054 5490
2067 5490
2135 5490
2228 5490
2260 5490
2349 5490
2438 5490
2483 5490
2494 5490
21 5556
99 5556
132 5556
220 5556
296 5556
297 5556
343 5556
442 5556
504 5556
565 5556
590 5556
656 5556
694 5556
769 5556
854 5556
909 5556
947 5556
1010 5556
1053 5556
1086 5556
1110 5556
1181 5556
1202 5556
1278 5556
1354 5556
1431 5556
1442 5556
1472 5556
1567 5556
1636 5556
1676 5556
1699 5556
1791 5556
1816 5556
1910 5556
1926 5556
1966 5556
1985 5556
2071 5556
2146 5556
2150 5556
2215 5556
2236 5556
2331 5556
2375 5556
2397 5556
2422 5556
2503 5556
2506 5556
2565 5556
2599 5556
2662 5556
2719 5556
2763 5556
2852 5556
2883 5556
2931 5556
2974 5556
2980 5556
3059 5556
3068 5556
3091 5556
3112 5556
3123 5556
3211 5556
3289 5556
3373 5556
3380 5556
3386 5556
3456 5556
3489 5556
3515 5556
3605 5556
3700 5556
3707 5556
3795 5556
55 5633
105 5633
126 5633
129 5633
169 5633
231 5633
305 5633
336 5633
414 5633
437 5633
470 5633
516 5633
523 5633
616 5633
679 5633
773 5633
833 5633
845 5633
915 5633
961 5633
1016 5633
1028 5633
1100 5633
1150 5633
1181 5633
1206 5633
1250 5633
1306 5633
1349 5633
1399 5633
1404 5633
1458 5633
1497 5633
1506 5633
1520 5633
1578 5633
1667 5633
1750 5633
1760 5633
1835 5633
1873 5633
1959 5633
2028 5633
2093 5633
2124 5633
2141 5633
2185 5633
2259 5633
2305 5633
2377 5633
2411 5633
2436 5633
2494 5633
2573 5633
2660 5633
2689 5633
2736 5633
2773 5633
2871 5633
2897 5633
2920 5633
2964 5633
3045 5633
3117 5633
3184 5633
3198 5633
3296 5633
3315 5633
3391 5633
3465 5633
3477 5633
3569 5633
3617 5633
3704 5633
3785 5633
3789 5633
3792 5633
3863 5633
3881 5633
3940 5633
3969 5633
3982 5633
4037 5633
4135 5633
4234 5633
67 5703
106 5703
137 5703
194 5703
292 5703
367 5703
422 5703
473 5703
544 5703
551 5703
644 5703
714 5703
790 5703
871 5703
963 5703
979 5703
1006 5703
1105 5703
1154 5703
1242 5703
1315 5703
1326 5703
1366 5703
1436 5703
1512 5703
1570 5703
1579 5703
1605 5703
1614 5703
1696 5703
1706 5703
1786 5703
1853 5703
1893 5703
1943 5703
2025 5703
2041 5703
2082 5703
2084 5703
2171 5703
2172 5703
2209 5703
2287 5703
2378 5703
2429 5703
2458 5703
2480 5703
2540 5703
2567 5703
2653 5703
2685 5703
2763 5703
2830 5703
2907 5703
2951 5703
3027 5703
3075 5703
3152 5703
3165 5703
20 5736
54 5736
152 5736
187 5736
254 5736
328 5736
352 5736
376 5736
466 5736
562 5736
578 5736
601 5736
672 5736
742 5736
796 5736
799 5736
865 5736
881 5736
900 5736
958 5736
959 5736
1025 5736
1065 5736
1096 5736
1099 5736
1146 5736
1170 5736
1218 5736
1291 5736
1390 5736
1410 5736
1499 5736
1533 5736
1582 5736
1628 5736
1638 5736
1735 5736
1763 5736
1846 5736
1857 5736
1871 5736
1939 5736
1979 5736
2066 5736
2078 5736
2151 5736
2199 5736
2239 5736
2290 5736
2320 5736
2364 5736
2439 5736
2533 5736
2551 5736
2617 5736
2643 5736
2664 5736
2682 5736
2684 5736
2694 5736
2786 5736
2833 5736
2848 5736
2937 5736
3026 5736
3060 5736
3118 5736
3140 5736
3198 5736
3253 5736
3272 5736
3303 5736
11 5819
47 5819
128 5819
223 5819
235 5819
323 5819
361 5819
406 5819
498 5819
510 5819
530 5819
594 5819
622 5819
644 5819
697 5819
793 5819
833 5819
915 5819
1003 5819
1080 5819
1141 5819
1201 5819
1261 5819
1290 5819
1306 5819
1326 5819
1413 5819
1430 5819
1466 5819
1516 5819
1524 5819
1564 5819
1659 5819
1747 5819
1760 5819
1764 5819
1805 5819
1811 5819
1863 5819
1940 5819
1975 5819
2050 5819
2117 5819
2126 5819
2173 5819
2266 5819
2344 5819
2397 5819
2431 5819
2494 5819
2509 5819
2538 5819
2614 5819
2662 5819
2666 5819
2685 5819
2767 5819
2776 5819
2849 5819
2882 5819
2945 5819
3024 5819
3080 5819
3175 5819
3230 5819
3255 5819
3350 5819
59 5857
150 5857
152 5857
170 5857
242 5857
297 5857
381 5857
448 5857
523 5857
562 5857
642 5857
678 5857
752 5857
766 5857
855 5857
921 5857
969 5857
1025 5857
1105 5857
1158 5857
1243 5857
1273 5857
1363 5857
1390 5857
1485 5857
1532 5857
1613 5857
1702 5857
1770 5857
1840 5857
1929 5857
2005 5857
2065 5857
2163 5857
2224 5857
2288 5857
2363 5857
2447 5857
2506 5857
2534 5857
2540 5857
2579 5857
2614 5857
2655 5857
2692 5857
2788 5857
2871 5857
2939 5857
2951 5857
3041 5857
3109 5857
3161 5857
3227 5857
3285 5857
3344 5857
3382 5857
3444 5857
3458 5857
3472 5857
3570 5857
3648 5857
3710 5857
3807 5857
3875 5857
3969 5857
4012 5857
4106 5857
4202 5857
4239 5857
4284 5857
4314 5857
4375 5857
4417 5857
4484 5857
4520 5857
88 5879
106 5879
120 5879
177 5879
216 5879
298 5879
331 5879
344 5879
441 5879
520 5879
563 5879
601 5879
667 5879
674 5879
726 5879
824 5879
867 5879
923 5879
974 5879
1009 5879
1084 5879
1183 5879
1219 5879
1225 5879
1252 5879
1275 5879
1291 5879
1344 5879
1410 5879
1433 5879
1464 5879
1540 5879
1612 5879
1631 5879
1640 5879
1652 5879
1675 5879
1719 5879
1770 5879
1806 5879
1903 5879
1985 5879
2000 5879
2006 5879
2097 5879
2144 5879
2234 5879
2321 5879
2363 5879
2406 5879
2410 5879
2477 5879
2488 5879
2498 5879
2560 5879
2565 5879
2633 5879
2703 5879
2770 5879
9 5945
86 5945
132 5945
140 5945
145 5945
151 5945
245 5945
312 5945
397 5945
441 5945
489 5945
490 5945
520 5945
571 5945
605 5945
668 5945
682 5945
29 5964
105 5964
141 5964
171 5964
240 5964
330 5964
424 5964
510 5964
577 5964
603 5964
700 5964
772 5964
823 5964
859 5964
936 5964
1026 5964
1113 5964
1125 5964
1132 5964
1165 5964
1227 5964
1241 5964
1247 5964
1312 5964
1391 5964
1429 5964
1450 5964
1508 5964
1519 5964
1523 5964
1549 5964
1576 5964
1621 5964
1653 5964
1654 5964
1674 5964
1761 5964
1840 5964
58 6051
113 6051
133 6051
197 6051
237 6051
271 6051
281 6051
347 6051
421 6051
484 6051
570 6051
631 6051
715 6051
813 6051
908 6051
952 6051
1047 6051
1059 6051
1116 6051
1135 6051
1168 6051
1237 6051
1318 6051
1340 6051
1384 6051
1400 6051
1498 6051
1502 6051
1574 6051
1604 6051
1642 6051
1649 6051
1693 6051
1762 6051
1795 6051
1812 6051
1831 6051
1868 6051
1915 6051
1980 6051
2027 6051
2051 6051
2088 6051
2093 6051
2165 6051
2231 6051
2238 6051
2287 6051
2347 6051
2393 6051
2417 6051
2454 6051
2527 6051
2564 6051
2655 6051
2751 6051
2807 6051
2854 6051
2863 6051
2962 6051
3038 6051
3065 6051
3156 6051
3199 6051
3263 6051
3357 6051
3391 6051
3416 6051
3441 6051
3490 6051
3533 6051
3572 6051
3656 6051
3658 6051
3712 6051
3740 6051
3747 6051
3753 6051
3797 6051
3817 6051
3882 6051
41 6107
70 6107
155 6107
231 6107
249 6107
288 6107
298 6107
381 6107
441 6107
92 6124
143 6124
216 6124
264 6124
337 6124
394 6124
403 6124
495 6124
572 6124
597 6124
621 6124
690 6124
748 6124
810 6124
891 6124
978 6124
999 6124
1072 6124
1148 6124
1214 6124
1264 6124
1268 6124
1294 6124
1312 6124
1340 6124
1432 6124
1481 6124
1489 6124
1494 6124
1572 6124
1595 6124
1671 6124
1756 6124
1760 6124
1796 6124
1878 6124
1953 6124
1968 6124
2011 6124
2045 6124
2082 6124
2103 6124
2167 6124
2264 6124
2333 6124
2409 6124
2474 6124
2492 6124
2522 6124
2546 6124
2634 6124
2729 6124
2749 6124
2817 6124
2858 6124
2891 6124
2934 6124
3019 6124
3065 6124
3085 6124
3155 6124
3251 6124
3261 6124
3324 6124
3418 6124
3444 6124
3449 6124
3480 6124
3574 6124
3639 6124
3723 6124
3766 6124
3835 6124
3888 6124
3936 6124
4034 6124
4084 6124
4183 6124
4265 6124
4348 6124
4355 6124
4440 6124
4491 6124
4572 6124
4593 6124
4646 6124
4722 6124
4796 6124
4816 6124
4893 6124
4895 6124
4972 6124
11 6136
91 6136
172 6136
222 6136
318 6136
342 6136
388 6136
402 6136
494 6136
591 6136
646 6136
655 6136
686 6136
749 6136
818 6136
909 6136
949 6136
1013 6136
1030 6136
1118 6136
1177 6136
1208 6136
1239 6136
1245 6136
1268 6136
1287 6136
1361 6136
1426 6136
1445 6136
1535 6136
1580 6136
1675 6136
1741 6136
1755 6136
1757 6136
1767 6136
1770 6136
1852 6136
1865 6136
1954 6136
2006 6136
2105 6136
2194 6136
2215 6136
2242 6136
2325 6136
2378 6136
2396 6136
2484 6136
2540 6136
2563 6136
2587 6136
2605 6136
2670 6136
2691 6136
2765 6136
2793 6136
2867 6136
2932 6136
3018 6136
3034 6136
3087 6136
3105 6136
87 6189
26 6230
111 6230
128 6230
149 6230
240 6230
337 6230
358 6230
429 6230
73 6253
158 6253
207 6253
220 6253
280 6253
343 6253
384 6253
434 6253
527 6253
575 6253
597 6253
623 6253
624 6253
676 6253
728 6253
821 6253
837 6253
898 6253
949 6253
973 6253
1018 6253
1064 6253
1087 6253
1135 6253
1158 6253
1178 6253
1200 6253
1278 6253
1341 6253
1384 6253
1413 6253
1495 6253
1547 6253
1561 6253
1614 6253
1640 6253
1718 6253
1785 6253
1876 6253
1905 6253
1911 6253
1940 6253
1965 6253
2064 6253
2093 6253
2130 6253
2175 6253
2253 6253
2274 6253
81 6280
113 6280
165 6280
227 6280
261 6280
314 6280
388 6280
413 6280
441 6280
502 6280
589 6280
610 6280
632 6280
727 6280
762 6280
776 6280
788 6280
860 6280
916 6280
951 6280
988 6280
1086 6280
1115 6280
1214 6280
1263 6280
1328 6280
1411 6280
1509 6280
1538 6280
1588 6280
1664 6280
1734 6280
1771 6280
1861 6280
1921 6280
1935 6280
1973 6280
2065 6280
2094 6280
2126 6280
2219 6280
2272 6280
2342 6280
2430 6280
2440 6280
2483 6280
2555 6280
2582 6280
2631 6280
2715 6280
2781 6280
2875 6280
2950 6280
2977 6280
2985 6280
84 6362
156 6362
186 6362
206 6362
280 6362
377 6362
435 6362
507 6362
514 6362
535 6362
578 6362
673 6362
708 6362
783 6362
849 6362
867 6362
959 6362
1046 6362
1137 6362
1232 6362
1313 6362
1382 6362
1384 6362
1461 6362
1467 6362
1514 6362
1549 6362
1557 6362
1607 6362
1659 6362
1710 6362
1751 6362
44 6438
45 6534
88 6534
168 6534
199 6534
270 6534
319 6534
365 6534
405 6534
492 6534
587 6534
588 6534
650 6534
655 6534
20 6597
115 6597
183 6597
281 6597
345 6597
361 6597
363 6597
462 6597
503 6597
520 6597
574 6597
627 6597
673 6597
675 6597
676 6597
698 6597
726 6597
778 6597
833 6597
871 6597
886 6597
910 6597
918 6597
980 6597
1049 6597
1055 6597
1107 6597
1139 6597
1234 6597
1237 6597
1274 6597
1358 6597
1451 6597
1463 6597
1540 6597
1575 6597
1583 6597
1619 6597
1711 6597
1729 6597
1765 6597
1785 6597
1823 6597
1840 6597
1912 6597
1947 6597
2006 6597
2101 6597
2150 6597
2218 6597
2264 6597
2267 6597
2365 6597
2423 6597
2428 6597
2500 6597
2530 6597
2547 6597
2629 6597
2725 6597
2732 6597
2785 6597
2819 6597
2862 6597
2952 6597
3028 6597
3085 6597
3124 6597
3161 6597
3219 6597
3297 6597
3313 6597
3321 6597
3381 6597
3446 6597
3488 6597
3583 6597
90 6649
155 6649
167 6649
235 6649
253 6649
327 6649
374 6649
381 6649
406 6649
494 6649
523 6649
542 6649
601 6649
646 6649
731 6649
782 6649
784 6649
803 6649
866 6649
872 6649
890 6649
894 6649
976 6649
986 6649
1053 6649
1136 6649
1169 6649
1261 6649
1354 6649
1433 6649
1478 6649
1504 6649
1573 6649
1581 6649
1602 6649
1625 6649
1677 6649
1701 6649
1720 6649
1777 6649
1787 6649
1816 6649
1836 6649
1851 6649
1896 6649
1974 6649
2064 6649
2138 6649
2163 6649
2256 6649
2316 6649
2397 6649
2427 6649
2456 6649
2511 6649
2559 6649
2647 6649
2723 6649
2816 6649
2840 6649
2937 6649
2978 6649
3026 6649
3085 6649
3178 6649
3261 6649
3294 6649
3314 6649
3340 6649
3358 6649
3372 6649
3399 6649
3440 6649
3539 6649
3562 6649
3661 6649
3746 6649
3795 6649
3837 6649
3851 6649
3917 6649
3983 6649
4080 6649
4176 6649
4262 6649
4303 6649
4318 6649
4390 6649
4442 6649
4490 6649
4524 6649
4623 6649
43 6715
126 6715
177 6715
252 6715
274 6715
359 6715
431 6715
444 6715
519 6715
593 6715
653 6715
697 6715
785 6715
859 6715
907 6715
1005 6715
1068 6715
1120 6715
1214 6715
1253 6715
1279 6715
1315 6715
1354 6715
1403 6715
1484 6715
1549 6715
1580 6715
1619 6715
1655 6715
1705 6715
1757 6715
1787 6715
1886 6715
1935 6715
2013 6715
2085 6715
2098 6715
2120 6715
2205 6715
2301 6715
2368 6715
2448 6715
2474 6715
2508 6715
2514 6715
2593 6715
2651 6715
2711 6715
2727 6715
2809 6715
2850 6715
2891 6715
2899 6715
2951 6715
2995 6715
3001 6715
3099 6715
3131 6715
3205 6715
3235 6715
3301 6715
3333 6715
3337 6715
3411 6715
3436 6715
3448 6715
3461 6715
3525 6715
3528 6715
3592 6715
3658 6715
3757 6715
3838 6715
3935 6715
3996 6715
7 6730
73 6730
101 6730
152 6730
183 6730
196 6730
259 6730
304 6730
402 6730
407 6730
443 6730
495 6730
589 6730
649 6730
650 6730
732 6730
819 6730
836 6730
935 6730
986 6730
1074 6730
1170 6730
1212 6730
1243 6730
1264 6730
59 6823
134 6823
212 6823
273 6823
356 6823
433 6823
436 6823
525 6823
553 6823
558 6823
623 6823
701 6823
769 6823
843 6823
881 6823
958 6823
989 6823
1038 6823
1072 6823
1125 6823
1153 6823
1228 6823
1229 6823
1247 6823
1308 6823
1333 6823
1390 6823
1427 6823
1501 6823
1545 6823
1567 6823
1661 6823
1691 6823
1784 6823
1856 6823
1932 6823
2027 6823
2052 6823
2096 6823
2178 6823
2254 6823
2330 6823
2375 6823
2395 6823
2404 6823
2423 6823
2504 6823
2601 6823
2607 6823
2672 6823
2677 6823
2682 6823
2754 6823
2853 6823
2867 6823
2958 6823
3043 6823
3106 6823
3178 6823
3257 6823
3320 6823
3398 6823
3453 6823
3478 6823
3515 6823
3525 6823
3603 6823
3640 6823
3716 6823
3796 6823
3806 6823
3855 6823
3951 6823
4030 6823
4046 6823
4058 6823
4152 6823
4153 6823
4205 6823
4259 6823
4332 6823
4386 6823
4389 6823
4448 6823
4487 6823
4511 6823
61 6852
139 6852
178 6852
186 6852
263 6852
275 6852
286 6852
376 6852
384 6852
449 6852
474 6852
554 6852
614 6852
696 6852
771 6852
832 6852
897 6852
943 6852
986 6852
1082 6852
1168 6852
1236 6852
1289 6852
1353 6852
1401 6852
1444 6852
1486 6852
1503 6852
1511 6852
1576 6852
1654 6852
1737 6852
1781 6852
1835 6852
1842 6852
1843 6852
1868 6852
1942 6852
2010 6852
2098 6852
2191 6852
2202 6852
2247 6852
2297 6852
2301 6852
2330 6852
2410 6852
2459 6852
2525 6852
2611 6852
2633 6852
2727 6852
2795 6852
2810 6852
2845 6852
2855 6852
61 6908
99 6908
141 6908
224 6908
239 6908
244 6908
300 6908
396 6908
480 6908
562 6908
584 6908
682 6908
742 6908
781 6908
803 6908
874 6908
914 6908
944 6908
984 6908
986 6908
1050 6908
1096 6908
1132 6908
1231 6908
1324 6908
1376 6908
1437 6908
1533 6908
1624 6908
1652 6908
1720 6908
1738 6908
1800 6908
1867 6908
1941 6908
1973 6908
2053 6908
2150 6908
2156 6908
2181 6908
2203 6908
2252 6908
2307 6908
2366 6908
2420 6908
2456 6908
2470 6908
2473 6908
2543 6908
2593 6908
2618 6908
2659 6908
2750 6908
2839 6908
2927 6908
2959 6908
2989 6908
3049 6908
3104 6908
3187 6908
3203 6908
84 6941
153 6941
154 6941
203 6941
267 6941
330 6941
349 6941
362 6941
450 6941
513 6941
572 6941
624 6941
711 6941
768 6941
819 6941
875 6941
961 6941
1036 6941
1072 6941
1160 6941
1193 6941
1248 6941
1278 6941
1307 6941
1356 6941
1432 6941
1497 6941
1574 6941
1661 6941
1746 6941
1792 6941
1864 6941
1933 6941
1985 6941
2025 6941
2031 6941
2032 6941
2116 6941
2161 6941
2197 6941
2263 6941
2265 6941
2294 6941
2337 6941
2432 6941
2452 6941
2456 6941
2467 6941
2530 6941
2555 6941
2602 6941
2646 6941
2655 6941
2703 6941
28 6955
89 6955
158 6955
232 6955
304 6955
352 6955
448 6955
528 6955
561 6955
609 6955
617 6955
697 6955
787 6955
854 6955
944 6955
970 6955
972 6955
1025 6955
1078 6955
1106 6955
1116 6955
1149 6955
1231 6955
1245 6955
1330 6955
1369 6955
1461 6955
1554 6955
1601 6955
1690 6955
1787 6955
1842 6955
1885 6955
1887 6955
1904 6955
1963 6955
2024 6955
51 6978
95 6978
139 6978
232 6978
329 6978
337 6978
363 6978
452 6978
464 6978
548 6978
609 6978
612 6978
685 6978
714 6978
779 6978
855 6978
892 6978
900 6978
976 6978
991 6978
1058 6978
1063 6978
1153 6978
1211 6978
1306 6978
1398 6978
1474 6978
1555 6978
1634 6978
1658 6978
1686 6978
1713 6978
1757 6978
1816 6978
1852 6978
1856 6978
1871 6978
1877 6978
1897 6978
1932 6978
1955 6978
2044 6978
2058 6978
2074 6978
2102 6978
2169 6978
2246 6978
2312 6978
2352 6978
2360 6978
2416 6978
2472 6978
2518 6978
2540 6978
2611 6978
2655 6978
2695 6978
2749 6978
2777 6978
2866 6978
2890 6978
2973 6978
3008 6978
3010 6978
3081 6978
3180 6978
3215 6978
3250 6978
3265 6978
3266 6978
3287 6978
3354 6978
3400 6978
3431 6978
3491 6978
50 7013
78 7013
168 7013
175 7013
272 7013
366 7013
428 7013
519 7013
590 7013
620 7013
694 7013
773 7013
838 7013
859 7013
872 7013
906 7013
908 7013
949 7013
1033 7013
1131 7013
1135 7013
1180 7013
1227 7013
1250 7013
1331 7013
1397 7013
1494 7013
1524 7013
1612 7013
1631 7013
1658 7013
1705 7013
1803 7013
1899 7013
1945 7013
2044 7013
2076 7013
2118 7013
2198 7013
2208 7013
2280 7013
2303 7013
2344 7013
2350 7013
2373 7013
2442 7013
2465 7013
2486 7013
2496 7013
2535 7013
2566 7013
2621 7013
2680 7013
2705 7013
2777 7013
2810 7013
2853 7013
2925 7013
2955 7013
2986 7013
3052 7013
3122 7013
3185 7013
3265 7013
3295 7013
3366 7013
3429 7013
3461 7013
3532 7013
3567 7013
3612 7013
3679 7013
3758 7013
3834 7013
3931 7013
3990 7013
4000 7013
4010 7013
4088 7013
4109 7013
4153 7013
4213 7013
4214 7013
4225 7013
4290 7013
4368 7013
4406 7013
4466 7013
4472 7013
4511 7013
4537 7013
34 7064
119 7064
193 7064
232 7064
297 7064
340 7064
429 7064
481 7064
495 7064
529 7064
581 7064
673 7064
681 7064
753 7064
817 7064
841 7064
920 7064
984 7064
1072 7064
1163 7064
1170 7064
1249 7064
1275 7064
1368 7064
1421 7064
1445 7064
1504 7064
1528 7064
1627 7064
1648 7064
1694 7064
1727 7064
1771 7064
1794 7064
1844 7064
1884 7064
1925 7064
1955 7064
1983 7064
2068 7064
2105 7064
2129 7064
2148 7064
2209 7064
2245 7064
2295 7064
2296 7064
2358 7064
2455 7064
2514 7064
2595 7064
2599 7064
2687 7064
2705 7064
2743 7064
2824 7064
2908 7064
2977 7064
3056 7064
3064 7064
3067 7064
3071 7064
3123 7064
55 7121
141 7121
192 7121
219 7121
253 7121
256 7121
262 7121
322 7121
373 7121
464 7121
516 7121
614 7121
645 7121
711 7121
777 7121
793 7121
857 7121
897 7121
954 7121
1025 7121
1124 7121
1216 7121
1257 7121
1275 7121
1280 7121
1376 7121
1420 7121
1479 7121
1541 7121
1567 7121
1656 7121
1753 7121
1807 7121
1842 7121
1891 7121
1985 7121
2019 7121
2089 7121
2119 7121
2201 7121
2230 7121
2289 7121
2367 7121
2437 7121
2501 7121
67 7205
119 7205
127 7205
190 7205
266 7205
357 7205
399 7205
463 7205
519 7205
528 7205
537 7205
562 7205
635 7205
728 7205
769 7205
866 7205
956 7205
1051 7205
1127 7205
1199 7205
1228 7205
1271 7205
1352 7205
1402 7205
1414 7205
1502 7205
1588 7205
1669 7205
22 7213
71 7213
161 7213
241 7213
259 7213
329 7213
382 7213
397 7213
455 7213
474 7213
535 7213
8 7281
99 7281
146 7281
157 7281
181 7281
257 7281
298 7281
326 7281
422 7281
461 7281
478 7281
572 7281
576 7281
618 7281
707 7281
717 7281
748 7281
784 7281
792 7281
797 7281
863 7281
908 7281
974 7281
1045 7281
1092 7281
1138 7281
1196 7281
1212 7281
1246 7281
1249 7281
1337 7281
1390 7281
1484 7281
1492 7281
1578 7281
1650 7281
1686 7281
1750 7281
1762 7281
1834 7281
1871 7281
1939 7281
1989 7281
2088 7281
2139 7281
2178 7281
2202 7281
2292 7281
2324 7281
2412 7281
2496 7281
2514 7281
2577 7281
2654 7281
2666 7281
2694 7281
2792 7281
2841 7281
2901 7281
2935 7281
2952 7281
3020 7281
3088 7281
3173 7281
3182 7281
3222 7281
3255 7281
3333 7281
3351 7281
3416 7281
3471 7281
3555 7281
3630 7281
3699 7281
66 7360
112 7360
145 7360
198 7360
259 7360
289 7360
347 7360
408 7360
420 7360
476 7360
515 7360
609 7360
673 7360
740 7360
822 7360
914 7360
961 7360
1048 7360
1100 7360
1162 7360
1192 7360
1217 7360
1290 7360
1311 7360
1325 7360
1424 7360
1514 7360
1574 7360
1597 7360
1651 7360
1672 7360
1744 7360
1801 7360
1844 7360
1850 7360
1943 7360
1981 7360
1997 7360
2053 7360
2098 7360
2181 7360
2221 7360
2222 7360
2278 7360
2370 7360
2418 7360
2494 7360
2540 7360
44 7398
126 7398
163 7398
196 7398
289 7398
334 7398
371 7398
454 7398
507 7398
550 7398
578 7398
586 7398
621 7398
648 7398
704 7398
789 7398
796 7398
879 7398
961 7398
978 7398
1021 7398
1056 7398
1137 7398
1163 7398
1180 7398
1205 7398
1230 7398
1290 7398
1319 7398
1326 7398
1406 7398
1471 7398
1568 7398
1617 7398
1644 7398
1713 7398
1751 7398
1765 7398
1857 7398
1895 7398
1936 7398
1961 7398
2047 7398
2070 7398
2145 7398
2242 7398
2318 7398
2330 7398
2392 7398
68 7441
86 7441
112 7441
125 7441
198 7441
201 7441
277 7441
361 7441
373 7441
461 7441
504 7441
603 7441
664 7441
702 7441
754 7441
763 7441
842 7441
883 7441
927 7441
961 7441
1052 7441
1109 7441
1208 7441
1229 7441
75 7465
103 7465
130 7465
207 7465
298 7465
303 7465
347 7465
404 7465
449 7465
533 7465
630 7465
655 7465
724 7465
781 7465
813 7465
862 7465
905 7465
990 7465
1052 7465
1104 7465
1133 7465
1187 7465
1235 7465
1308 7465
1317 7465
1322 7465
1334 7465
1347 7465
1400 7465
1454 7465
1475 7465
1514 7465
1569 7465
1581 7465
1656 7465
1746 7465
1808 7465
1868 7465
1869 7465
1917 7465
1931 7465
2028 7465
2076 7465
2082 7465
2146 7465
2149 7465
2213 7465
2261 7465
2306 7465
2313 7465
2359 7465
2405 7465
2416 7465
2457 7465
2511 7465
2566 7465
2632 7465
2637 7465
2686 7465
88 7477
172 7477
214 7477
248 7477
265 7477
306 7477
369 7477
378 7477
451 7477
458 7477
498 7477
499 7477
597 7477
679 7477
720 7477
778 7477
865 7477
935 7477
974 7477
1013 7477
1017 7477
1025 7477
1076 7477
1102 7477
1187 7477
1273 7477
1372 7477
1429 7477
1509 7477
1526 7477
1598 7477
1652 7477
1669 7477
1758 7477
1841 7477
1940 7477
1943 7477
1969 7477
2051 7477
2054 7477
2149 7477
2194 7477
2275 7477
2314 7477
2324 7477
2396 7477
2409 7477
2496 7477
2559 7477
2617 7477
2663 7477
2704 7477
0 7513
83 7513
162 7513
232 7513
267 7513
312 7513
359 7513
373 7513
430 7513
488 7513
534 7513
578 7513
31 7597
85 7597
143 7597
153 7597
159 7597
185 7597
251 7597
322 7597
348 7597
393 7597
421 7597
455 7597
470 7597
551 7597
588 7597
602 7597
699 7597
720 7597
813 7597
851 7597
860 7597
888 7597
897 7597
964 7597
1053 7597
1150 7597
1212 7597
1223 7597
1252 7597
1258 7597
1309 7597
1354 7597
1422 7597
1479 7597
1529 7597
1596 7597
1632 7597
1656 7597
1679 7597
1763 7597
1812 7597
1865 7597
1912 7597
1916 7597
1918 7597
1939 7597
2030 7597
2090 7597
2127 7597
2134 7597
2161 7597
2205 7597
2236 7597
2237 7597
2334 7597
2397 7597
2432 7597
2447 7597
2474 7597
2492 7597
2543 7597
2628 7597
2693 7597
2760 7597
2840 7597
2931 7597
2944 7597
3025 7597
3124 7597
3143 7597
3166 7597
3223 7597
3273 7597
3318 7597
3390 7597
3442 7597
3461 7597
3547 7597
3619 7597
3633 7597
3658 7597
3680 7597
3736 7597
3802 7597
3853 7597
3942 7597
4008 7597
4103 7597
4164 7597
4248 7597
4334 7597
4421 7597
4508 7597
4548 7597
4633 7597
4663 7597
4677 7597
4682 7597
47 7681
133 7681
184 7681
271 7681
281 7681
351 7681
429 7681
468 7681
548 7681
644 7681
727 7681
734 7681
805 7681
895 7681
901 7681
936 7681
980 7681
1043 7681
1109 7681
1140 7681
1155 7681
1222 7681
1254 7681
1352 7681
1448 7681
1479 7681
1482 7681
1505 7681
1566 7681
1579 7681
1589 7681
1647 7681
1680 7681
1722 7681
1764 7681
1839 7681
1857 7681
1866 7681
1880 7681
1919 7681
1949 7681
1980 7681
2026 7681
2120 7681
2137 7681
2146 7681
2204 7681
2293 7681
2371 7681
2427 7681
2454 7681
2517 7681
2534 7681
2569 7681
2616 7681
2697 7681
2756 7681
2786 7681
2875 7681
2880 7681
2933 7681
2984 7681
2999 7681
3078 7681
24 7751
76 7751
125 7751
193 7751
206 7751
230 7751
248 7751
299 7751
361 7751
404 7751
439 7751
532 7751
594 7751
656 7751
710 7751
717 7751
731 7751
818 7751
844 7751
845 7751
889 7751
915 7751
970 7751
988 7751
55 7807
58 7846
115 7846
164 7846
228 7846
304 7846
338 7846
369 7846
418 7846
456 7846
546 7846
576 7846
591 7846
603 7846
634 7846
35 7852
69 7852
93 7852
132 7852
175 7852
179 7852
259 7852
283 7852
360 7852
399 7852
460 7852
550 7852
610 7852
662 7852
712 7852
746 7852
806 7852
836 7852
851 7852
932 7852
938 7852
1029 7852
1040 7852
1081 7852
1091 7852
1107 7852
1184 7852
1271 7852
1329 7852
1423 7852
1499 7852
1561 7852
1580 7852
1610 7852
1646 7852
1708 7852
1715 7852
1780 7852
1862 7852
1890 7852
1933 7852
1996 7852
2059 7852
2074 7852
2172 7852
2224 7852
2302 7852
2377 7852
2442 7852
2465 7852
2478 7852
2566 7852
2596 7852
2626 7852
2690 7852
2719 7852
2749 7852
2808 7852
2819 7852
2821 7852
2822 7852
2851 7852
2924 7852
2969 7852
3015 7852
3086 7852
3168 7852
3179 7852
87 7905
132 7905
188 7905
212 7905
247 7905
291 7905
365 7905
387 7905
434 7905
474 7905
510 7905
575 7905
630 7905
648 7905
677 7905
742 7905
819 7905
902 7905
972 7905
1035 7905
1093 7905
1171 7905
1192 7905
1218 7905
1265 7905
1360 7905
1389 7905
1455 7905
1527 7905
1590 7905
1659 7905
1660 7905
1692 7905
1703 7905
1801 7905
1829 7905
1898 7905
1988 7905
2072 7905
2137 7905
2207 7905
2217 7905
2263 7905
2358 7905
2393 7905
2476 7905
2477 7905
2499 7905
2541 7905
2639 7905
2666 7905
2681 7905
25 7962
61 7962
71 7962
147 7962
153 7962
228 7962
322 7962
368 7962
455 7962
520 7962
588 7962
686 7962
726 7962
757 7962
763 7962
790 7962
845 7962
902 7962
965 7962
1050 7962
1088 7962
1150 7962
1228 7962
1250 7962
1270 7962
1366 7962
1396 7962
41 8052
119 8052
186 8052
262 8052
357 8052
399 8052
474 8052
561 8052
586 8052
646 8052
736 8052
744 8052
770 8052
819 8052
912 8052
961 8052
1053 8052
1105 8052
1193 8052
1287 8052
1368 8052
1397 8052
1401 8052
1454 8052
1481 8052
1496 8052
1513 8052
1563 8052
1590 8052
1617 8052
1654 8052
1675 8052
1717 8052
1767 8052
1803 8052
1821 8052
1919 8052
2014 8052
2079 8052
2167 8052
2220 8052
2251 8052
2272 8052
2303 8052
2338 8052
2401 8052
2487 8052
2540 8052
2595 8052
2648 8052
2688 8052
2745 8052
2836 8052
2909 8052
2973 8052
3057 8052
3062 8052
3128 8052
3201 8052
3215 8052
3302 8052
3345 8052
3390 8052
3431 8052
3458 8052
3463 8052
3510 8052
3545 8052
3643 8052
3690 8052
3722 8052
3811 8052
3849 8052
3858 8052
3957 8052
3989 8052
4050 8052
4133 8052
4197 8052
95 8131
154 8131
173 8131
241 8131
246 8131
331 8131
346 8131
75 8197
140 8197
165 8197
259 8197
276 8197
344 8197
346 8197
386 8197
469 8197
485 8197
547 8197
565 8197
605 8197
650 8197
696 8197
749 8197
831 8197
895 8197
991 8197
1012 8197
1108 8197
1201 8197
1233 8197
1249 8197
1251 8197
1313 8197
1412 8197
75 8277
146 8277
172 8277
203 8277
225 8277
246 8277
255 8277
300 8277
379 8277
405 8277
434 8277
464 8277
98 8321
137 8321
138 8321
220 8321
308 8321
309 8321
336 8321
345 8321
427 8321
445 8321
468 8321
497 8321
503 8321
594 8321
617 8321
700 8321
771 8321
781 8321
812 8321
907 8321
993 8321
1090 8321
1184 8321
1238 8321
1241 8321
1269 8321
1282 8321
1312 8321
1400 8321
1490 8321
1578 8321
1622 8321
1655 8321
1746 8321
1826 8321
1887 8321
1907 8321
1938 8321
1967 8321
2051 8321
2067 8321
2100 8321
2191 8321
2286 8321
2365 8321
2369 8321
2373 8321
2443 8321
2487 8321
2489 8321
2541 8321
2569 8321
2604 8321
2668 8321
2682 8321
97 8380
170 8380
80 8411
173 8411
259 8411
306 8411
387 8411
459 8411
38 8452
45 8452
135 8452
141 8452
236 8452
254 8452
309 8452
401 8452
424 8452
425 8452
438 8452
488 8452
563 8452
587 8452
652 8452
719 8452
802 8452
829 8452
869 8452
879 8452
936 8452
961 8452
1048 8452
1130 8452
1167 8452
1177 8452
1192 8452
1263 8452
1362 8452
1375 8452
1416 8452
43 8460
120 8460
172 8460
267 8460
286 8460
307 8460
308 8460
329 8460
410 8460
506 8460
532 8460
567 8460
631 8460
639 8460
729 8460
794 8460
828 8460
908 8460
971 8460
1028 8460
1050 8460
1087 8460
1158 8460
1202 8460
1228 8460
1266 8460
1312 8460
1314 8460
1347 8460
1411 8460
1417 8460
1439 8460
1476 8460
1515 8460
1595 8460
1621 8460
1703 8460
1712 8460
1755 8460
1815 8460
1876 8460
1968 8460
1988 8460
1996 8460
2062 8460
2139 8460
2196 8460
2289 8460
2327 8460
2347 8460
2437 8460
2525 8460
2526 8460
2553 8460
2566 8460
2591 8460
2616 8460
2657 8460
2734 8460
2750 8460
2759 8460
2764 8460
2797 8460
2876 8460
2892 8460
2909 8460
3008 8460
3092 8460
3111 8460
3183 8460
3219 8460
3316 8460
3336 8460
3411 8460
3489 8460
3493 8460
3542 8460
3639 8460
3676 8460
3768 8460
3825 8460
3921 8460
4018 8460
4084 8460
4149 8460
4228 8460
4305 8460
4312 8460
12 8465
35 8465
90 8465
97 8465
99 8465
133 8465
165 8465
192 8465
250 8465
260 8465
300 8465
338 8465
434 8465
518 8465
596 8465
622 8465
710 8465
760 8465
790 8465
822 8465
855 8465
905 8465
982 8465
1026 8465
1060 8465
1143 8465
1229 8465
1309 8465
1362 8465
1404 8465
1501 8465
1515 8465
1584 8465
1592 8465
1600 8465
1682 8465
1730 8465
1772 8465
1856 8465
1884 8465
1944 8465
1962 8465
2018 8465
2045 8465
2106 8465
2145 8465
2167 8465
2170 8465
2266 8465
2298 8465
2383 8465
2477 8465
2562 8465
2593 8465
2603 8465
2662 8465
2677 8465
2756 8465
2814 8465
2892 8465
2962 8465
3060 8465
3137 8465
3195 8465
3277 8465
3359 8465
3378 8465
3463 8465
3538 8465
3632 8465
3706 8465
3740 8465
3800 8465
3823 8465
3872 8465
3949 8465
3987 8465
4043 8465
48 8491
132 8491
181 8491
202 8491
264 8491
23 8547
43 8547
134 8547
204 8547
274 8547
286 8547
300 8547
379 8547
388 8547
399 8547
457 8547
464 8547
540 8547
625 8547
701 8547
722 8547
817 8547
844 8547
890 8547
927 8547
952 8547
996 8547
1086 8547
1105 8547
1186 8547
1222 8547
1305 8547
1384 8547
1474 8547
1518 8547
1592 8547
1618 8547
1642 8547
1688 8547
1693 8547
1737 8547
1799 8547
1842 8547
1929 8547
2005 8547
2078 8547
2127 8547
2171 8547
2229 8547
2276 8547
2362 8547
2435 8547
2508 8547
2597 8547
2610 8547
2674 8547
2689 8547
2768 8547
62 8562
145 8562
237 8562
273 8562
302 8562
341 8562
393 8562
475 8562
515 8562
518 8562
536 8562
568 8562
638 8562
730 8562
752 8562
799 8562
825 8562
850 8562
880 8562
890 8562
934 8562
989 8562
1033 8562
1094 8562
1191 8562
1195 8562
1272 8562
1307 8562
1309 8562
1310 8562
1394 8562
1450 8562
1458 8562
1527 8562
1581 8562
1650 8562
1684 8562
1769 8562
1863 8562
1918 8562
1922 8562
1982 8562
2008 8562
2048 8562
2077 8562
2175 8562
2190 8562
2269 8562
2350 8562
2351 8562
2435 8562
2477 8562
2484 8562
2499 8562
2552 8562
2580 8562
2665 8562
2669 8562
2685 8562
2740 8562
2827 8562
2892 8562
2904 8562
2908 8562
2924 8562
2985 8562
3032 8562
3065 8562
3139 8562
3158 8562
3252 8562
3292 8562
3379 8562
3440 8562
3447 8562
3469 8562
3549 8562
3594 8562
3654 8562
3683 8562
3722 8562
3799 8562
3889 8562
3933 8562
4018 8562
4075 8562
9 8589
60 8589
89 8589
158 8589
175 8589
250 8589
253 8589
259 8589
348 8589
407 8589
454 8589
506 8589
546 8589
588 8589
597 8589
675 8589
693 8589
737 8589
833 8589
869 8589
908 8589
954 8589
1045 8589
1135 8589
1158 8589
1178 8589
84 8648
170 8648
204 8648
221 8648
278 8648
324 8648
345 8648
365 8648
366 8648
399 8648
447 8648
463 8648
522 8648
608 8648
636 8648
673 8648
705 8648
711 8648
717 8648
729 8648
750 8648
847 8648
854 8648
950 8648
958 8648
1028 8648
1036 8648
1101 8648
1142 8648
1180 8648
1255 8648
1275 8648
1320 8648
1350 8648
1385 8648
1388 8648
1466 8648
1538 8648
1607 8648
1629 8648
1716 8648
1768 8648
1860 8648
1882 8648
1972 8648
2024 8648
2086 8648
2156 8648
2197 8648
2220 8648
2307 8648
2352 8648
2442 8648
2453 8648
2548 8648
2575 8648
2634 8648
2671 8648
2715 8648
2725 8648
2785 8648
2847 8648
2917 8648
2953 8648
2971 8648
3002 8648
3060 8648
3064 8648
3125 8648
3172 8648
3200 8648
3258 8648
3281 8648
3311 8648
3335 8648
3358 8648
3387 8648
3438 8648
3536 8648
3604 8648
3641 8648
3670 8648
3753 8648
3823 8648
3880 8648
3939 8648
4035 8648
4120 8648
44 8702
143 8702
222 8702
293 8702
340 8702
390 8702
429 8702
431 8702
502 8702
531 8702
537 8702
630 8702
633 8702
724 8702
773 8702
839 8702
908 8702
942 8702
1030 8702
1098 8702
1188 8702
1283 8702
1319 8702
1369 8702
1421 8702
1430 8702
1515 8702
1600 8702
1645 8702
1666 8702
1755 8702
1817 8702
1909 8702
1996 8702
2051 8702
2126 8702
2191 8702
2214 8702
2288 8702
2374 8702
2438 8702
2528 8702
2606 8702
2610 8702
2676 8702
2690 8702
2736 8702
2757 8702
2759 8702
2804 8702
2838 8702
2865 8702
2959 8702
3012 8702
3024 8702
27 8719
95 8719
192 8719
216 8719
240 8719
79 8745
116 8745
117 8745
136 8745
156 8745
194 8745
227 8745
249 8745
327 8745
351 8745
405 8745
496 8745
555 8745
569 8745
588 8745
653 8745
682 8745
683 8745
731 8745
760 8745
809 8745
813 8745
883 8745
980 8745
1059 8745
1072 8745
1138 8745
1226 8745
1320 8745
1380 8745
1443 8745
1539 8745
1571 8745
1601 8745
1634 8745
1636 8745
1655 8745
1753 8745
1754 8745
1764 8745
1791 8745
1874 8745
1902 8745
1948 8745
1966 8745
2059 8745
2101 8745
2193 8745
2254 8745
2260 8745
2347 8745
2387 8745
2432 8745
2526 8745
2560 8745
2570 8745
23 8774
104 8774
108 8774
124 8774
146 8774
148 8774
244 8774
301 8774
360 8774
430 8774
442 8774
523 8774
572 8774
578 8774
608 8774
691 8774
750 8774
843 8774
938 8774
979 8774
1071 8774
1097 8774
1134 8774
1232 8774
1307 8774
1363 8774
1423 8774
1434 8774
1465 8774
1513 8774
1556 8774
1643 8774
1694 8774
1705 8774
1791 8774
1811 8774
1907 8774
1962 8774
1991 8774
2041 8774
2048 8774
2094 8774
2141 8774
2237 8774
2329 8774
2351 8774
2445 8774
2495 8774
2505 8774
2515 8774
2600 8774
2610 8774
2665 8774
2692 8774
2702 8774
2768 8774
2867 8774
2890 8774
2903 8774
2921 8774
3006 8774
3094 8774
3142 8774
3228 8774
3241 8774
33 8800
130 8800
171 8800
238 8800
277 8800
364 8800
369 8800
437 8800
485 8800
542 8800
574 8800
578 8800
643 8800
666 8800
750 8800
798 8800
874 8800
939 8800
989 8800
1076 8800
1141 8800
1194 8800
1204 8800
1242 8800
1315 8800
1354 8800
1433 8800
1530 8800
1586 8800
1669 8800
1742 8800
1793 8800
1833 8800
1858 8800
1951 8800
1993 8800
2034 8800
2063 8800
2149 8800
2181 8800
2255 8800
88 8894
142 8894
143 8894
187 8894
195 8894
242 8894
244 8894
322 8894
373 8894
454 8894
489 8894
565 8894
612 8894
635 8894
718 8894
77 8946
83 8946
179 8946
187 8946
228 8946
231 8946
325 8946
414 8946
427 8946
487 8946
550 8946
588 8946
655 8946
713 8946
784 8946
837 8946
893 8946
918 8946
1010 8946
1049 8946
1122 8946
1133 8946
1154 8946
1221 8946
1292 8946
1333 8946
1426 8946
1434 8946
1505 8946
1529 8946
1595 8946
1625 8946
1638 8946
1648 8946
1687 8946
1772 8946
1830 8946
1837 8946
1914 8946
1942 8946
1990 8946
2050 8946
2146 8946
2208 8946
2217 8946
2218 8946
2252 8946
2286 8946
2345 8946
2391 8946
2465 8946
2530 8946
2559 8946
2587 8946
2606 8946
2635 8946
2651 8946
2743 8946
2778 8946
2798 8946
2863 8946
2952 8946
3029 8946
3070 8946
3082 8946
3145 8946
3171 8946
3221 8946
3296 8946
3330 8946
3341 8946
3363 8946
3441 8946
3462 8946
3551 8946
3628 8946
3679 8946
3713 8946
3722 8946
3800 8946
3828 8946
3905 8946
3920 8946
3983 8946
3993 8946
4078 8946
4116 8946
4215 8946
4269 8946
98 9030
162 9030
205 9030
263 9030
275 9030
285 9030
319 9030
55 9085
100 9085
133 9085
221 9085
264 9085
305 9085
332 9085
385 9085
448 9085
546 9085
552 9085
591 9085
621 9085
659 9085
754 9085
784 9085
817 9085
907 9085
989 9085
1052 9085
1109 9085
1147 9085
12 9087
83 9087
172 9087
198 9087
236 9087
254 9087
311 9087
408 9087
477 9087
493 9087
508 9087
598 9087
678 9087
757 9087
830 9087
901 9087
965 9087
1027 9087
1053 9087
1129 9087
1228 9087
1229 9087
1317 9087
1349 9087
1427 9087
1460 9087
1489 9087
1517 9087
1589 9087
1681 9087
1776 9087
1836 9087
1863 9087
1894 9087
1963 9087
2051 9087
2150 9087
88 9178
129 9178
135 9178
186 9178
237 9178
279 9178
363 9178
396 9178
459 9178
530 9178
547 9178
632 9178
691 9178
714 9178
801 9178
896 9178
990 9178
1024 9178
1091 9178
53 9223
72 9223
133 9223
138 9223
159 9223
216 9223
228 9223
292 9223
383 9223
443 9223
457 9223
520 9223
574 9223
654 9223
687 9223
761 9223
835 9223
851 9223
943 9223
976 9223
1071 9223
1119 9223
1124 9223
1152 9223
1232 9223
1253 9223
1280 9223
1378 9223
1405 9223
1409 9223
1451 9223
1505 9223
1555 9223
1653 9223
1698 9223
1774 9223
1842 9223
1937 9223
2023 9223
2070 9223
2136 9223
2194 9223
2228 9223
2233 9223
2313 9223
2346 9223
2428 9223
2496 9223
2515 9223
2608 9223
2634 9223
2636 9223
2714 9223
2766 9223
2847 9223
2931 9223
2982 9223
3072 9223
3094 9223
3121 9223
3209 9223
3216 9223
3260 9223
3305 9223
3319 9223
3345 9223
3444 9223
3474 9223
3570 9223
3638 9223
3733 9223
3809 9223
3898 9223
3920 9223
4002 9223
4047 9223
4099 9223
4101 9223
4130 9223
4131 9223
4181 9223
4222 9223
4292 9223
4311 9223
4356 9223
4443 9223
4444 9223
15 9268
48 9268
109 9268
158 9268
227 9268
290 9268
302 9268
330 9268
416 9268
470 9268
487 9268
567 9268
626 9268
648 9268
723 9268
735 9268
776 9268
857 9268
880 9268
976 9268
1049 9268
1064 9268
1124 9268
1160 9268
1193 9268
1214 9268
1296 9268
1327 9268
1406 9268
1472 9268
1561 9268
1616 9268
1640 9268
1681 9268
1713 9268
1733 9268
1808 9268
1835 9268
1899 9268
1963 9268
2022 9268
2105 9268
2190 9268
2274 9268
2296 9268
2320 9268
2360 9268
2372 9268
2443 9268
2505 9268
2547 9268
2555 9268
2649 9268
2707 9268
2773 9268
2808 9268
2813 9268
2867 9268
2964 9268
3039 9268
3068 9268
3126 9268
3161 9268
3191 9268
3219 9268
3285 9268
3300 9268
3359 9268
3430 9268
3486 9268
3543 9268
3550 9268
3639 9268
3659 9268
3713 9268
3802 9268
3899 9268
3969 9268
3999 9268
74 9288
117 9288
127 9288
187 9288
271 9288
287 9288
334 9288
394 9288
425 9288
496 9288
567 9288
626 9288
675 9288
706 9288
746 9288
831 9288
871 9288
926 9288
961 9288
1002 9288
1019 9288
1048 9288
1106 9288
1192 9288
1206 9288
1238 9288
1259 9288
1265 9288
1288 9288
1361 9288
1403 9288
1426 9288
1463 9288
1544 9288
1641 9288
1666 9288
1694 9288
1718 9288
1790 9288
1829 9288
1888 9288
1905 9288
1962 9288
1965 9288
1981 9288
2018 9288
2060 9288
2152 9288
2249 9288
2288 9288
2385 9288
2457 9288
2488 9288
2534 9288
2567 9288
2639 9288
2725 9288
2801 9288
2851 9288
2880 9288
2921 9288
3015 9288
3037 9288
3045 9288
3048 9288
3062 9288
3143 9288
3189 9288
3283 9288
3289 9288
3318 9288
3361 9288
3414 9288
3489 9288
3519 9288
3529 9288
3597 9288
3612 9288
3621 9288
3680 9288
3710 9288
3723 9288
3732 9288
3741 9288
3788 9288
3800 9288
3882 9288
3885 9288
3976 9288
4012 9288
4078 9288
4150 9288
4234 9288
4249 9288
36 9322
82 9322
132 9322
163 9322
202 9322
276 9322
371 9322
384 9322
422 9322
515 9322
566 9322
644 9322
735 9322
768 9322
833 9322
846 9322
911 9322
976 9322
1010 9322
1015 9322
1107 9322
1206 9322
1221 9322
1317 9322
1376 9322
1454 9322
1548 9322
1607 9322
1698 9322
1719 9322
1730 9322
1778 9322
1851 9322
1888 9322
1940 9322
2016 9322
2062 9322
2140 9322
2220 9322
2225 9322
2232 9322
12 9364
18 9364
44 9364
133 9364
146 9364
162 9364
261 9364
336 9364
390 9364
475 9364
540 9364
596 9364
660 9364
695 9364
