5000
0 4
3 4
0 6
2 6
4 6
6 6
3 10
6 10
10 10
1 10
3 12
0 18
1 18
4 18
7 18
4 22
5 22
4 24
3 24
4 24
6 24
1 26
2 26
2 32
0 34
1 34
5 34
7 34
1 35
2 35
6 35
10 35
1 36
3 36
5 36
8 36
2 38
3 38
7 38
3 41
0 44
2 44
3 44
7 44
3 49
4 49
0 51
0 55
2 55
6 55
8 55
11 55
3 55
0 56
2 56
4 56
1 62
3 62
2 62
3 62
6 62
4 64
7 64
9 64
10 64
3 68
4 68
8 68
0 72
2 72
5 72
7 72
0 72
4 72
8 72
4 74
2 77
2 79
3 79
3 80
6 80
8 80
12 80
4 82
7 82
11 82
13 82
4 85
3 88
5 88
6 88
8 88
3 92
2 96
5 96
6 96
0 97
1 98
3 102
7 102
9 102
13 102
4 103
5 103
9 103
13 103
2 105
3 105
4 105
5 105
7 105
8 105
4 109
7 109
11 109
1 110
4 110
5 110
8 110
0 114
2 116
3 116
4 116
8 116
1 116
4 116
7 116
8 116
0 116
3 116
0 118
3 118
0 121
3 121
4 123
6 123
10 123
14 123
2 126
3 126
4 126
5 126
4 128
7 128
8 128
2 129
3 129
7 129
8 129
1 131
3 131
1 136
4 136
2 139
5 139
7 139
11 139
3 142
6 142
8 142
3 146
0 148
4 148
2 151
4 151
6 151
9 151
1 155
1 158
5 158
9 158
11 158
2 161
2 161
6 161
1 162
4 162
8 162
2 163
6 163
9 163
10 163
2 166
6 166
9 166
0 167
3 167
6 167
8 167
2 168
6 168
7 168
2 168
3 168
5 168
7 168
4 170
8 170
9 170
1 174
4 174
6 174
9 174
3 178
4 180
4 182
7 182
10 182
1 183
4 183
8 183
4 184
6 184
8 184
11 184
3 186
4 190
1 193
3 193
2 193
4 193
7 193
10 193
4 195
7 195
8 195
0 195
2 195
4 199
3 199
6 199
7 199
3 203
7 203
8 203
12 203
2 204
2 208
3 208
6 208
8 208
3 212
4 216
7 216
8 216
11 216
1 223
4 223
7 223
0 223
3 223
3 224
4 224
6 224
8 224
4 225
2 225
3 225
5 225
2 230
0 230
2 230
3 230
4 232
5 232
6 232
2 233
4 233
8 233
9 233
2 233
3 233
2 235
3 235
5 235
6 235
1 235
0 237
1 237
3 237
7 237
3 239
7 239
0 241
2 241
0 244
4 244
6 244
9 244
4 245
5 245
9 245
13 245
3 250
7 250
11 250
0 254
4 254
2 255
4 255
6 255
7 255
2 256
4 256
7 256
10 256
1 259
4 259
0 265
1 265
4 265
8 265
3 268
7 268
0 269
4 269
6 269
2 272
3 272
7 272
8 272
4 274
2 278
3 278
6 278
7 278
3 281
5 281
7 281
8 281
1 289
3 289
7 289
8 289
4 293
1 294
3 294
2 296
3 296
6 296
10 296
2 303
6 303
10 303
14 303
4 303
8 303
9 303
11 303
2 311
5 311
8 311
3 311
5 311
9 311
10 311
0 313
4 316
6 316
1 316
5 316
6 316
0 319
1 319
1 319
3 323
5 323
8 323
2 326
4 332
4 336
8 336
12 336
0 338
3 338
6 338
3 340
0 344
2 344
3 344
5 344
3 344
3 348
1 348
2 348
6 348
9 348
3 348
4 348
7 348
3 349
6 349
8 349
9 349
3 358
5 358
0 358
3 358
1 361
4 361
4 365
5 365
4 368
8 368
11 368
0 369
1 369
2 369
5 369
4 369
7 369
3 374
5 374
4 374
6 374
4 378
0 380
2 380
3 380
7 380
8 380
10 380
1 382
4 382
1 384
2 384
4 384
1 384
3 384
5 384
8 384
3 385
5 385
1 387
5 387
6 387
7 387
2 389
4 389
7 389
3 392
7 392
11 392
0 395
2 395
3 395
5 395
0 399
4 399
6 399
4 405
7 405
4 405
7 405
3 409
0 409
0 410
3 410
6 410
4 413
8 413
12 413
3 414
3 417
7 417
11 417
1 421
2 421
2 422
3 422
4 426
1 429
2 429
5 429
6 429
3 433
7 433
1 436
3 436
4 437
8 437
12 437
15 437
4 442
2 444
3 444
7 444
8 444
1 444
0 446
1 446
4 447
6 447
8 447
1 453
2 456
5 456
6 456
9 456
4 458
7 458
11 458
2 458
2 458
4 461
8 461
3 464
4 464
5 464
7 464
2 465
0 465
2 467
6 467
3 471
6 471
9 471
13 471
1 474
3 474
7 474
4 474
8 474
10 474
13 474
4 477
4 479
8 479
10 479
14 479
0 483
1 484
3 484
4 484
6 484
4 484
5 484
7 484
3 484
0 485
4 485
7 485
9 485
0 486
2 486
5 486
6 486
4 490
0 493
1 493
4 493
0 495
4 501
8 501
10 501
1 504
0 507
3 507
3 508
4 508
5 508
7 508
4 511
5 511
7 511
3 511
1 512
3 512
2 516
0 521
2 521
3 521
0 522
2 522
3 522
3 524
5 524
7 524
2 524
6 524
10 524
4 524
8 524
0 525
1 525
1 525
4 525
8 525
9 525
1 525
5 525
8 525
2 529
0 530
1 530
1 530
3 530
6 530
8 530
0 537
1 537
3 541
6 541
7 541
11 541
2 542
6 542
7 542
0 542
4 542
8 542
10 542
4 543
8 543
11 543
0 544
3 544
5 544
9 544
2 548
1 552
4 552
1 552
2 552
3 554
5 554
7 554
0 558
1 558
5 558
9 558
3 563
7 563
8 563
12 563
0 563
2 566
3 570
7 570
2 571
6 571
7 571
3 573
6 573
0 573
2 573
0 579
3 579
4 579
8 579
2 583
4 583
7 583
1 583
2 583
6 583
3 586
7 586
11 586
15 586
4 590
8 590
2 593
5 593
8 593
1 593
4 593
6 593
9 593
0 601
2 601
6 601
3 603
3 606
7 606
9 606
4 610
7 610
8 610
1 610
4 610
3 613
6 613
2 613
3 617
1 619
4 619
6 619
4 619
8 619
9 619
10 619
0 621
1 621
2 622
3 622
4 622
0 625
4 625
6 625
10 625
3 626
2 632
5 632
4 636
5 636
7 636
4 637
0 642
4 642
5 642
4 644
2 650
6 650
8 650
2 653
1 654
5 654
9 654
4 656
3 656
3 657
2 660
5 660
7 660
0 664
4 664
5 664
6 664
2 667
5 667
7 667
1 671
5 671
0 674
2 674
6 674
8 674
3 676
5 676
9 676
1 686
3 686
5 686
0 690
3 690
6 690
2 693
6 693
7 693
11 693
4 694
7 694
10 694
1 694
3 694
6 694
0 695
1 695
2 695
3 695
4 696
8 696
12 696
3 697
5 697
6 697
0 702
1 705
4 706
5 706
6 706
10 706
4 706
5 706
7 706
10 706
2 706
3 710
4 710
0 714
4 714
8 714
3 714
7 714
2 717
5 717
0 720
4 720
2 723
3 723
4 723
8 723
9 723
3 726
3 728
4 728
8 728
4 731
6 731
10 731
2 732
5 732
6 732
10 732
3 736
7 736
11 736
2 737
4 737
5 737
0 738
2 738
4 738
5 738
0 741
3 741
6 741
4 741
2 744
2 744
6 744
3 748
7 748
9 748
13 748
1 748
5 748
1 750
5 750
6 750
3 751
7 751
9 751
13 751
2 753
6 753
9 753
0 753
1 761
4 761
7 761
0 763
1 763
3 763
7 763
0 766
4 766
7 766
2 766
4 766
8 766
10 766
3 766
7 766
8 766
4 767
7 767
11 767
0 770
3 773
5 773
0 776
4 776
7 776
3 777
1 778
1 782
1 789
5 789
4 794
8 794
4 796
7 796
9 796
4 800
7 800
8 800
11 800
2 800
5 800
3 801
6 801
7 801
11 801
4 805
1 805
3 805
1 807
3 807
4 807
2 808
1 813
3 813
7 813
11 813
0 814
3 814
2 814
4 814
8 814
1 815
4 815
7 815
10 815
4 816
6 816
2 819
3 819
0 821
4 821
0 825
3 825
5 825
8 825
3 826
7 826
10 826
13 826
2 830
3 830
1 831
0 832
2 832
4 832
1 835
2 835
1 837
4 837
3 841
7 841
9 841
1 844
3 844
3 852
4 852
7 852
9 852
1 855
2 855
0 857
4 857
3 857
6 857
2 861
5 861
1 864
3 864
2 865
6 865
1 867
3 867
4 870
1 871
4 874
8 874
12 874
15 874
4 875
8 875
1 875
1 876
3 876
1 879
5 879
7 879
10 879
3 880
0 881
1 881
0 885
4 885
4 885
8 885
11 885
0 887
4 887
3 888
0 889
1 889
5 889
6 889
2 893
3 893
6 893
0 896
3 896
5 896
7 896
1 896
3 896
6 896
1 900
5 900
3 900
2 900
4 900
8 900
1 902
2 905
4 905
2 911
6 911
0 913
4 913
6 913
8 913
2 917
3 917
7 917
10 917
0 918
3 918
1 918
5 918
4 918
7 918
1 918
4 918
6 918
4 924
5 924
6 924
9 924
0 924
2 932
4 932
6 932
9 932
1 935
3 935
6 935
2 936
5 936
8 936
0 940
4 940
0 941
1 941
5 941
8 941
0 941
2 942
0 946
3 950
0 950
2 950
3 950
4 953
8 953
10 953
11 953
2 953
2 953
3 953
3 957
4 957
6 957
8 957
2 959
5 959
6 959
7 959
1 960
4 960
2 965
5 965
2 970
4 970
3 970
4 970
3 972
6 972
3 974
6 974
9 974
13 974
3 974
3 978
7 978
8 978
1 981
5 981
8 981
9 981
3 984
0 987
2 987
6 987
0 987
3 987
0 987
0 989
3 989
6 989
7 989
4 991
8 991
9 991
11 991
3 991
7 991
11 991
14 991
2 994
6 994
7 994
11 994
3 1000
4 1000
7 1000
0 1004
3 1004
3 1004
5 1004
8 1004
0 1008
1 1008
0 1010
3 1014
6 1014
10 1014
14 1014
1 1017
5 1017
8 1017
4 1021
6 1021
10 1021
13 1021
1 1023
4 1023
3 1027
5 1027
7 1027
0 1028
3 1028
2 1031
2 1031
5 1031
1 1035
4 1035
0 1038
2 1038
4 1038
6 1038
4 1038
5 1038
9 1038
1 1039
5 1039
4 1041
6 1041
10 1041
0 1044
2 1048
5 1048
1 1051
1 1057
3 1057
0 1061
1 1061
5 1061
8 1061
4 1063
8 1063
10 1063
4 1066
4 1069
5 1069
9 1069
12 1069
0 1070
4 1070
5 1070
9 1070
4 1074
8 1074
11 1074
15 1074
3 1076
6 1076
0 1077
4 1077
6 1077
1 1079
4 1079
7 1079
8 1079
12 1079
2 1083
2 1087
0 1088
1 1088
4 1088
4 1089
6 1089
1 1092
4 1092
8 1092
2 1092
4 1092
5 1092
4 1096
6 1096
7 1096
4 1099
5 1099
0 1103
3 1103
1 1105
4 1105
8 1105
0 1105
1 1105
2 1105
3 1105
1 1109
2 1109
3 1112
1 1115
2 1115
4 1115
2 1118
5 1118
8 1118
0 1121
3 1121
2 1127
4 1127
1 1128
4 1128
5 1128
6 1128
0 1138
3 1138
7 1138
3 1142
1 1145
2 1145
4 1149
8 1149
9 1149
12 1149
4 1155
5 1155
9 1155
12 1155
4 1157
6 1157
3 1161
6 1161
8 1161
12 1161
0 1165
4 1165
8 1165
10 1165
3 1169
7 1169
11 1169
15 1169
4 1171
8 1171
2 1172
2 1172
4 1172
5 1172
2 1176
6 1176
3 1180
6 1180
10 1180
1 1183
4 1183
8 1183
9 1183
4 1185
8 1185
12 1185
13 1185
4 1192
6 1192
0 1194
2 1197
6 1197
7 1197
4 1199
5 1199
1 1202
3 1202
5 1202
6 1202
3 1202
7 1202
1 1203
4 1203
3 1207
3 1208
4 1208
5 1208
1 1208
3 1208
7 1208
3 1210
7 1210
8 1210
12 1210
4 1210
8 1210
10 1210
14 1210
4 1212
6 1212
0 1215
3 1218
5 1218
6 1218
0 1221
4 1221
3 1222
7 1222
3 1225
4 1225
3 1234
4 1234
8 1234
9 1234
1 1237
2 1240
4 1240
7 1240
11 1240
1 1244
2 1244
4 1244
7 1244
1 1247
4 1247
6 1247
9 1247
0 1248
1 1248
3 1248
3 1249
0 1253
4 1256
8 1256
9 1256
2 1260
3 1263
7 1263
8 1263
9 1263
1 1266
3 1266
4 1270
7 1270
10 1270
2 1271
3 1271
5 1271
1 1274
5 1274
9 1274
12 1274
1 1275
5 1275
1 1275
0 1278
3 1278
4 1280
7 1280
9 1280
0 1285
2 1286
3 1286
0 1286
3 1286
5 1286
1 1286
5 1286
1 1287
4 1287
6 1287
9 1287
0 1289
3 1289
4 1289
2 1293
6 1293
8 1293
9 1293
4 1295
3 1297
4 1297
8 1297
2 1298
4 1298
5 1298
2 1301
6 1301
7 1301
10 1301
1 1305
5 1305
4 1308
4 1308
6 1308
4 1314
6 1314
10 1314
0 1318
4 1318
8 1318
11 1318
4 1322
4 1322
6 1322
4 1326
6 1326
7 1326
11 1326
1 1328
5 1328
9 1328
12 1328
3 1332
4 1332
7 1332
10 1332
4 1332
8 1332
12 1332
14 1332
2 1335
2 1340
6 1340
7 1340
10 1340
0 1343
4 1343
4 1346
5 1346
9 1346
3 1348
0 1349
4 1349
3 1349
4 1354
7 1354
4 1359
8 1359
12 1359
13 1359
3 1362
6 1362
9 1362
1 1362
0 1364
4 1364
3 1364
5 1364
1 1365
3 1365
2 1365
3 1365
5 1365
3 1369
6 1369
0 1373
4 1377
6 1377
2 1378
6 1378
3 1379
7 1379
10 1379
14 1379
3 1380
2 1387
2 1388
0 1388
4 1388
6 1388
0 1390
2 1390
4 1390
7 1390
0 1393
1 1393
0 1397
3 1397
6 1397
4 1404
6 1404
2 1408
4 1408
5 1408
4 1412
8 1412
0 1413
4 1413
5 1413
4 1416
8 1416
12 1416
14 1416
3 1416
2 1417
0 1424
3 1424
4 1424
5 1424
0 1426
4 1431
5 1431
9 1431
4 1433
8 1433
12 1433
1 1437
2 1440
3 1440
6 1440
7 1440
1 1440
5 1440
0 1448
1 1448
3 1451
4 1451
2 1453
6 1453
9 1453
1 1454
5 1454
9 1454
1 1458
5 1458
1 1458
4 1458
2 1462
0 1466
4 1470
8 1470
0 1476
1 1478
4 1478
5 1478
6 1478
1 1479
4 1479
4 1480
6 1480
8 1480
9 1480
2 1480
5 1480
9 1480
12 1480
3 1482
2 1483
5 1483
2 1487
4 1487
6 1487
9 1487
1 1491
3 1491
0 1495
2 1495
3 1495
6 1495
2 1498
6 1498
3 1502
4 1505
7 1505
2 1506
0 1511
2 1514
2 1515
4 1515
6 1515
9 1515
4 1516
3 1519
5 1519
2 1519
4 1519
8 1519
10 1519
0 1520
3 1520
4 1524
2 1529
0 1532
4 1532
6 1532
1 1533
3 1533
0 1533
3 1533
1 1536
2 1536
0 1539
1 1539
3 1540
3 1543
6 1543
3 1544
4 1544
5 1544
1 1547
3 1547
5 1547
8 1547
1 1550
3 1554
6 1554
3 1557
7 1557
2 1558
5 1558
0 1560
2 1560
2 1564
4 1564
7 1564
1 1570
4 1574
6 1574
10 1574
0 1576
4 1576
8 1576
4 1580
8 1580
1 1582
3 1582
4 1585
4 1587
5 1587
8 1587
10 1587
2 1592
6 1592
1 1595
3 1595
6 1595
1 1598
2 1598
5 1598
9 1598
1 1599
4 1599
8 1599
11 1599
3 1603
4 1603
4 1606
5 1606
8 1606
10 1606
0 1612
2 1612
3 1624
5 1624
8 1624
4 1624
6 1624
8 1624
11 1624
0 1626
2 1628
4 1628
5 1628
3 1631
4 1631
2 1631
2 1631
5 1631
8 1631
9 1631
2 1635
6 1635
7 1635
4 1638
6 1638
8 1638
2 1642
3 1642
5 1642
7 1642
0 1646
4 1646
8 1646
10 1646
0 1647
4 1647
7 1647
10 1647
1 1654
2 1654
5 1654
7 1654
0 1654
1 1654
5 1654
7 1654
4 1656
3 1660
7 1660
10 1660
3 1661
2 1668
5 1668
7 1668
8 1668
4 1671
8 1671
9 1671
4 1677
0 1680
2 1686
4 1686
0 1687
4 1692
7 1692
8 1692
10 1692
0 1694
4 1694
3 1695
7 1695
11 1695
13 1695
4 1699
7 1699
8 1699
9 1699
0 1701
1 1701
3 1701
3 1705
4 1705
1 1707
3 1707
7 1707
4 1710
7 1710
3 1710
3 1710
4 1710
3 1714
5 1714
6 1714
1 1716
0 1720
4 1720
7 1720
4 1726
6 1726
9 1726
2 1730
6 1730
8 1730
0 1731
4 1731
4 1732
0 1736
0 1738
1 1742
5 1742
4 1744
6 1744
8 1744
3 1746
0 1748
3 1748
7 1748
9 1748
4 1751
8 1751
2 1754
5 1754
1 1758
2 1758
5 1758
1 1761
4 1761
7 1761
9 1761
0 1766
3 1766
5 1766
9 1766
1 1770
4 1770
5 1770
2 1772
4 1772
5 1772
7 1772
2 1773
4 1773
7 1773
2 1780
4 1783
1 1785
5 1785
9 1785
2 1785
3 1788
0 1789
2 1789
6 1789
4 1791
0 1792
4 1792
1 1792
2 1792
1 1795
3 1795
7 1795
0 1796
1 1796
4 1796
0 1799
3 1799
6 1799
3 1800
7 1800
8 1800
3 1804
6 1804
7 1804
9 1804
0 1806
1 1806
4 1810
6 1810
8 1810
12 1810
3 1812
6 1812
8 1812
1 1815
0 1815
1 1815
3 1815
7 1815
1 1818
2 1818
6 1818
0 1820
2 1821
0 1826
1 1826
4 1826
1 1829
3 1829
3 1830
5 1830
6 1830
7 1830
1 1833
2 1840
4 1840
5 1840
0 1841
3 1841
3 1844
6 1844
10 1844
14 1844
0 1845
1 1845
2 1845
6 1845
10 1845
14 1845
4 1848
8 1848
12 1848
13 1848
4 1852
5 1852
8 1852
4 1854
6 1854
8 1854
2 1857
4 1857
8 1857
0 1857
4 1858
6 1858
10 1858
12 1858
3 1860
4 1860
8 1860
2 1861
5 1861
8 1861
3 1862
1 1862
4 1862
0 1866
2 1866
3 1870
4 1870
5 1870
8 1870
0 1870
3 1871
6 1871
7 1871
0 1875
3 1879
5 1879
6 1879
7 1879
3 1880
4 1880
8 1880
3 1881
0 1882
3 1882
4 1882
2 1883
5 1883
7 1883
10 1883
1 1887
2 1887
4 1887
1 1890
4 1890
2 1892
4 1893
7 1893
11 1893
4 1896
7 1896
2 1898
4 1898
5 1898
4 1901
5 1901
0 1905
1 1905
3 1909
6 1909
9 1909
13 1909
1 1910
3 1910
4 1910
2 1915
5 1915
9 1915
12 1915
4 1918
5 1918
7 1918
0 1922
3 1922
6 1922
4 1924
5 1924
6 1924
10 1924
0 1927
1 1931
3 1934
2 1937
2 1939
3 1939
5 1939
4 1942
8 1942
11 1942
15 1942
3 1945
1 1947
3 1947
4 1947
8 1947
1 1949
2 1949
5 1949
2 1953
2 1957
5 1957
9 1957
13 1957
4 1960
3 1963
7 1963
2 1966
5 1966
2 1970
6 1970
9 1970
2 1970
3 1970
7 1970
10 1970
1 1973
3 1973
4 1973
7 1973
3 1974
6 1974
1 1980
3 1980
6 1980
2 1981
3 1981
7 1981
9 1981
10 1981
4 1982
7 1982
9 1982
12 1982
0 1987
3 1987
1 1990
4 1990
8 1990
0 1991
1 1991
2 1996
3 1996
4 1996
0 1997
3 1997
4 1997
5 1997
3 2003
6 2003
0 2005
3 2006
7 2006
0 2007
4 2007
8 2007
4 2010
6 2010
9 2010
11 2010
3 2013
4 2013
5 2013
3 2017
5 2017
9 2017
2 2017
6 2017
7 2017
3 2018
4 2018
6 2018
0 2019
2 2019
4 2019
4 2022
8 2022
4 2025
2 2027
4 2027
7 2027
2 2031
4 2031
8 2031
9 2031
0 2035
0 2042
3 2045
6 2045
7 2045
1 2045
3 2045
0 2045
4 2045
6 2045
2 2049
6 2049
9 2049
12 2049
3 2052
6 2052
0 2053
4 2053
6 2053
3 2056
0 2059
1 2059
2 2059
1 2060
3 2060
7 2060
10 2060
3 2064
5 2064
9 2064
13 2064
0 2068
4 2068
5 2068
7 2068
1 2075
5 2075
7 2075
8 2075
0 2075
4 2075
8 2075
10 2075
3 2075
7 2075
10 2075
3 2078
7 2078
11 2078
3 2079
0 2079
3 2079
6 2079
2 2081
0 2084
4 2084
8 2084
10 2084
4 2084
5 2084
8 2084
4 2088
8 2088
11 2088
12 2088
0 2090
3 2090
6 2090
3 2094
7 2094
2 2099
6 2099
3 2100
3 2103
5 2103
7 2103
1 2105
4 2105
5 2105
2 2109
3 2109
6 2109
1 2111
5 2111
1 2113
4 2113
8 2113
4 2113
7 2113
4 2114
6 2114
9 2114
4 2114
8 2114
11 2114
0 2122
2 2123
6 2123
7 2123
10 2123
3 2129
2 2129
2 2134
5 2134
8 2134
2 2137
6 2137
9 2137
10 2137
4 2141
7 2141
4 2145
8 2145
12 2145
14 2145
4 2145
7 2145
4 2148
8 2148
11 2148
4 2156
5 2156
9 2156
2 2156
4 2156
2 2159
4 2159
2 2163
3 2166
4 2166
6 2166
3 2170
7 2170
3 2170
6 2170
7 2170
8 2170
4 2174
2 2175
4 2175
7 2175
9 2175
4 2176
0 2179
4 2179
7 2179
1 2182
2 2182
5 2182
9 2182
4 2185
8 2185
4 2192
6 2192
9 2192
1 2192
1 2192
5 2192
9 2192
0 2193
4 2193
1 2194
4 2194
4 2196
8 2196
1 2200
2 2200
3 2200
4 2200
2 2206
4 2206
8 2206
1 2208
5 2208
2 2208
2 2209
3 2209
2 2211
4 2211
3 2211
4 2211
8 2211
3 2213
3 2217
7 2217
8 2217
4 2226
7 2226
0 2227
3 2227
0 2227
2 2227
3 2229
7 2229
1 2237
4 2238
5 2238
0 2241
3 2241
2 2243
3 2243
4 2244
8 2244
3 2246
4 2246
0 2248
1 2248
0 2248
4 2248
5 2248
8 2248
0 2252
1 2252
5 2252
0 2252
0 2255
3 2255
4 2255
2 2258
6 2258
4 2258
3 2262
5 2262
8 2262
12 2262
4 2265
6 2265
2 2271
3 2271
3 2272
4 2272
8 2272
4 2274
7 2274
2 2277
2 2280
0 2281
3 2281
0 2285
3 2287
5 2287
8 2287
1 2287
3 2287
2 2287
4 2287
5 2287
8 2287
2 2288
5 2288
0 2291
4 2291
6 2291
0 2296
1 2296
5 2296
7 2296
4 2301
4 2305
7 2305
2 2307
3 2307
2 2308
3 2308
1 2308
4 2312
7 2312
9 2312
2 2313
5 2313
6 2313
2 2314
4 2318
6 2318
8 2318
2 2322
5 2322
7 2322
4 2328
3 2331
6 2331
9 2331
3 2333
7 2333
9 2333
4 2333
0 2335
4 2335
6 2335
4 2336
8 2336
9 2336
10 2336
4 2340
8 2340
4 2341
7 2341
8 2341
3 2342
6 2342
0 2344
1 2345
4 2345
0 2347
1 2347
2 2351
4 2351
5 2351
9 2351
3 2352
4 2352
2 2354
5 2354
3 2357
0 2361
2 2361
6 2361
10 2361
1 2365
4 2365
0 2367
2 2367
4 2367
4 2372
5 2372
6 2372
4 2373
7 2373
0 2376
4 2376
3 2377
4 2377
6 2377
9 2377
4 2381
7 2381
8 2381
3 2381
1 2385
2 2385
6 2385
7 2385
0 2387
2 2387
5 2387
7 2387
2 2391
4 2391
7 2391
8 2391
2 2392
1 2397
4 2397
0 2401
2 2401
3 2401
5 2401
4 2402
8 2402
2 2405
4 2405
7 2405
4 2405
2 2407
2 2408
1 2415
2 2415
6 2415
9 2415
1 2417
3 2418
1 2418
5 2418
7 2418
9 2418
1 2420
5 2420
6 2420
1 2422
3 2422
4 2422
8 2422
12 2422
4 2424
7 2424
8 2424
11 2424
0 2426
3 2426
1 2427
1 2433
2 2433
3 2435
1 2437
3 2439
7 2439
8 2439
9 2439
1 2442
5 2442
3 2446
4 2446
2 2448
6 2448
7 2448
10 2448
0 2455
1 2455
3 2455
0 2456
3 2459
4 2459
6 2459
7 2459
0 2459
1 2459
0 2460
3 2460
7 2460
4 2463
5 2463
9 2463
4 2463
8 2463
12 2463
15 2463
3 2466
4 2466
5 2466
3 2470
4 2470
7 2470
3 2472
4 2472
6 2472
0 2472
4 2472
8 2472
12 2472
2 2473
4 2476
4 2478
3 2482
4 2482
5 2482
1 2486
1 2487
5 2487
6 2487
4 2489
8 2489
11 2489
4 2489
7 2489
11 2489
12 2489
4 2490
6 2490
8 2490
11 2490
1 2491
3 2491
6 2491
3 2495
5 2495
6 2495
7 2495
2 2498
6 2498
8 2498
9 2498
2 2500
5 2500
2 2507
6 2507
10 2507
12 2507
3 2510
5 2510
7 2510
11 2510
3 2513
7 2513
9 2513
4 2517
7 2517
11 2517
0 2522
1 2522
4 2522
5 2522
4 2524
7 2524
8 2524
0 2527
2 2527
4 2527
2 2528
3 2528
4 2528
1 2533
3 2533
1 2536
4 2536
4 2537
5 2537
6 2537
9 2537
1 2540
0 2543
3 2543
5 2543
3 2545
0 2548
2 2548
4 2548
8 2548
0 2551
3 2551
5 2551
4 2551
7 2551
10 2551
1 2555
2 2555
4 2555
5 2555
4 2555
8 2555
1 2556
2 2556
5 2556
6 2556
1 2556
0 2556
2 2556
6 2556
10 2556
1 2559
2 2559
4 2559
1 2564
3 2564
3 2566
6 2566
7 2566
11 2566
4 2570
8 2570
12 2570
16 2570
0 2571
4 2571
8 2571
11 2571
2 2573
0 2573
2 2573
3 2573
5 2573
3 2578
0 2581
1 2581
2 2581
3 2581
1 2583
5 2583
0 2583
3 2583
3 2587
2 2591
3 2591
5 2591
8 2591
1 2591
4 2591
8 2591
10 2591
0 2591
3 2595
1 2599
4 2599
7 2599
3 2602
6 2602
8 2602
10 2602
4 2607
7 2607
11 2607
12 2607
4 2607
2 2610
4 2610
6 2610
9 2610
2 2614
4 2614
3 2615
6 2615
8 2615
12 2615
1 2619
3 2619
5 2619
9 2619
1 2623
3 2623
0 2623
2 2623
1 2625
0 2629
4 2629
0 2629
4 2629
0 2633
1 2633
3 2633
7 2633
2 2639
3 2639
6 2639
10 2639
4 2640
6 2640
8 2640
10 2640
2 2640
3 2640
4 2640
7 2640
3 2641
4 2641
7 2641
8 2641
1 2643
5 2643
0 2644
1 2644
3 2644
6 2644
4 2647
8 2647
4 2650
5 2650
1 2653
2 2653
4 2653
0 2653
0 2659
2 2659
5 2659
8 2659
3 2661
4 2661
8 2661
9 2661
4 2662
8 2662
12 2662
3 2664
5 2664
8 2664
0 2671
3 2672
4 2672
3 2676
4 2676
8 2676
0 2678
4 2678
8 2678
0 2682
2 2682
5 2682
2 2685
6 2685
4 2687
6 2687
10 2687
12 2687
3 2693
4 2693
1 2697
2 2700
6 2700
7 2700
4 2703
8 2703
12 2703
13 2703
3 2704
4 2704
6 2704
3 2704
2 2705
4 2705
7 2705
9 2705
1 2709
4 2711
8 2711
11 2711
13 2711
3 2713
1 2713
3 2715
7 2715
3 2718
6 2718
10 2718
12 2718
2 2718
4 2718
3 2718
0 2724
1 2724
2 2727
6 2727
10 2727
0 2728
2 2728
3 2728
4 2733
6 2733
7 2733
10 2733
1 2738
3 2738
6 2738
7 2738
2 2741
5 2741
8 2741
9 2741
3 2745
5 2745
7 2745
9 2745
0 2748
1 2748
3 2748
7 2748
2 2749
3 2749
6 2749
3 2752
5 2752
8 2752
0 2753
1 2753
2 2753
4 2753
2 2757
4 2757
8 2757
0 2757
1 2757
5 2757
4 2757
6 2757
9 2757
10 2757
3 2770
7 2770
2 2774
3 2774
4 2774
2 2775
2 2776
2 2777
4 2777
5 2777
9 2777
1 2781
4 2781
0 2782
1 2782
2 2782
2 2784
1 2787
4 2787
6 2787
7 2787
0 2790
1 2793
2 2793
5 2793
2 2796
4 2796
1 2797
2 2797
1 2800
4 2800
6 2800
2 2801
4 2801
5 2801
9 2801
0 2803
2 2803
4 2803
7 2803
4 2807
5 2807
6 2807
4 2810
6 2810
8 2810
0 2812
2 2812
6 2812
9 2812
2 2816
6 2816
7 2816
8 2816
4 2819
6 2819
9 2819
12 2819
0 2822
3 2826
5 2826
9 2826
12 2826
0 2830
1 2830
4 2830
7 2830
1 2830
2 2830
4 2830
4 2831
3 2837
4 2837
7 2837
9 2837
2 2841
5 2841
7 2841
10 2841
4 2854
2 2856
4 2856
2 2857
5 2857
9 2857
3 2859
6 2859
3 2859
7 2859
8 2859
2 2863
5 2863
6 2863
4 2867
2 2868
5 2868
8 2868
10 2868
4 2872
5 2872
2 2872
5 2872
8 2872
9 2872
0 2875
4 2875
7 2875
2 2875
3 2875
5 2875
3 2876
3 2879
5 2879
8 2879
2 2882
5 2882
6 2882
4 2885
5 2885
9 2885
1 2885
4 2885
5 2885
4 2889
8 2889
4 2893
6 2893
2 2896
0 2900
4 2900
6 2900
1 2904
2 2907
4 2907
8 2907
4 2908
4 2908
0 2912
4 2912
0 2912
3 2912
4 2912
7 2912
4 2916
0 2920
2 2920
0 2921
3 2921
7 2921
11 2921
4 2921
4 2923
5 2923
8 2923
9 2923
4 2927
6 2927
10 2927
3 2932
1 2934
2 2934
3 2934
5 2934
4 2934
6 2934
8 2934
10 2934
4 2936
7 2936
0 2939
2 2941
4 2941
8 2941
9 2941
1 2945
5 2945
4 2949
8 2949
12 2949
1 2949
4 2950
5 2950
9 2950
3 2954
7 2954
8 2954
9 2954
3 2956
4 2956
8 2956
3 2957
0 2960
3 2960
0 2963
3 2963
7 2963
9 2963
3 2963
5 2963
6 2963
4 2963
2 2967
6 2967
10 2967
1 2970
0 2974
1 2974
5 2974
0 2976
2 2976
4 2976
5 2976
4 2980
8 2980
10 2980
3 2982
7 2982
11 2982
15 2982
0 2985
3 2987
4 2987
7 2987
1 2991
3 2991
7 2991
9 2991
4 2991
3 2994
6 2994
9 2994
11 2994
1 2995
2 2995
5 2995
3 2999
7 2999
9 2999
2 3000
1 3001
5 3001
7 3001
9 3001
3 3009
6 3009
4 3009
2 3011
3 3012
5 3012
3 3014
5 3014
4 3017
8 3017
11 3017
3 3018
4 3018
6 3018
7 3018
1 3020
4 3020
2 3021
2 3023
0 3023
4 3023
6 3023
0 3025
4 3025
8 3025
1 3026
3 3029
4 3030
5 3030
6 3030
4 3032
8 3032
2 3036
4 3036
3 3040
6 3040
2 3043
5 3043
7 3043
8 3043
2 3046
5 3046
7 3046
1 3051
3 3051
7 3051
9 3051
3 3053
4 3056
7 3056
11 3056
13 3056
1 3058
0 3058
2 3058
6 3058
9 3058
1 3062
2 3067
5 3067
8 3067
1 3068
2 3068
1 3068
4 3068
4 3072
8 3072
10 3072
3 3074
2 3075
2 3076
1 3079
2 3079
4 3083
1 3086
3 3086
0 3088
3 3088
3 3090
6 3090
8 3090
10 3090
3 3090
5 3090
9 3090
13 3090
1 3090
4 3090
3 3094
5 3094
4 3097
7 3097
3 3099
6 3099
0 3101
2 3104
1 3108
5 3108
7 3108
11 3108
4 3112
6 3112
9 3112
0 3114
4 3114
6 3114
7 3114
3 3118
7 3118
2 3119
3 3119
4 3119
2 3123
3 3123
4 3123
2 3125
6 3125
7 3125
4 3125
6 3125
10 3125
3 3127
0 3128
1 3128
4 3130
6 3130
4 3130
4 3131
4 3133
5 3133
7 3133
1 3136
5 3136
3 3140
4 3143
8 3143
1 3147
2 3147
3 3147
1 3148
2 3148
4 3148
5 3148
3 3150
5 3150
3 3154
7 3154
8 3154
1 3154
5 3154
1 3157
3 3157
4 3157
2 3161
4 3161
8 3161
11 3161
0 3165
3 3165
5 3165
1 3172
1 3172
3 3172
5 3172
6 3172
1 3174
3 3174
1 3178
4 3178
5 3178
6 3178
9 3178
3 3178
4 3178
5 3178
7 3178
0 3181
1 3185
4 3185
5 3185
8 3185
2 3187
3 3191
4 3193
8 3193
12 3193
4 3195
6 3195
9 3195
11 3195
1 3199
2 3199
6 3199
9 3199
3 3200
4 3200
6 3200
2 3204
6 3204
9 3204
0 3206
1 3206
5 3206
1 3209
5 3209
0 3211
4 3212
7 3212
8 3212
11 3212
2 3215
1 3216
3 3216
7 3216
3 3220
6 3220
7 3220
10 3220
0 3224
4 3224
3 3229
4 3235
8 3235
0 3236
0 3239
1 3239
4 3239
7 3239
1 3241
3 3242
4 3242
8 3242
2 3245
4 3245
8 3245
2 3246
3 3246
0 3250
3 3250
5 3250
2 3250
6 3250
8 3250
11 3250
2 3250
6 3250
4 3252
3 3256
4 3261
5 3261
7 3261
0 3264
3 3264
5 3264
6 3264
0 3266
1 3266
4 3266
0 3267
0 3267
3 3267
2 3269
3 3269
0 3270
3 3270
4 3270
7 3270
0 3271
4 3271
5 3271
6 3271
2 3271
4 3271
5 3271
8 3271
0 3272
2 3272
3 3272
7 3272
1 3279
3 3279
2 3282
4 3283
7 3283
3 3284
4 3284
0 3286
3 3286
7 3286
10 3286
3 3286
6 3286
8 3286
10 3286
4 3287
6 3287
1 3287
3 3287
4 3287
3 3292
6 3292
9 3292
12 3292
2 3296
3 3296
4 3298
3 3298
3 3305
5 3305
4 3309
8 3309
0 3309
2 3309
3 3309
6 3309
2 3311
5 3311
0 3311
2 3314
6 3314
9 3314
4 3320
6 3320
7 3320
3 3324
6 3324
2 3327
6 3327
8 3327
9 3327
2 3328
6 3328
8 3328
9 3328
1 3330
1 3335
4 3339
5 3339
9 3339
12 3339
1 3350
5 3350
1 3351
2 3355
6 3355
2 3356
4 3356
8 3356
1 3358
1 3361
2 3361
3 3362
4 3362
8 3362
2 3365
4 3365
2 3367
4 3367
7 3367
11 3367
1 3370
5 3370
7 3370
1 3371
1 3374
3 3374
4 3375
8 3375
12 3375
16 3375
1 3377
5 3377
7 3377
9 3377
0 3378
3 3378
2 3382
4 3382
4 3385
7 3385
10 3385
1 3386
1 3389
0 3390
4 3390
0 3393
4 3393
2 3394
6 3394
2 3396
4 3396
3 3398
6 3398
7 3398
3 3402
3 3402
7 3402
4 3402
2 3404
6 3404
1 3405
5 3405
9 3405
1 3405
3 3405
5 3405
3 3411
7 3411
11 3411
0 3414
3 3414
2 3417
5 3417
3 3418
6 3418
9 3418
13 3418
4 3420
5 3420
1 3422
3 3422
4 3422
3 3428
4 3428
8 3428
3 3431
7 3431
8 3431
9 3431
1 3433
4 3433
6 3433
4 3441
5 3441
9 3441
11 3441
3 3445
4 3445
4 3445
8 3445
3 3449
7 3449
8 3449
4 3452
1 3456
5 3456
7 3456
11 3456
2 3458
6 3458
4 3461
5 3461
9 3461
12 3461
3 3466
2 3469
3 3469
7 3469
9 3469
2 3473
3 3473
4 3473
6 3473
4 3480
6 3480
3 3483
2 3485
4 3492
6 3492
3 3498
6 3498
7 3498
10 3498
0 3498
4 3498
8 3498
1 3501
4 3501
8 3501
11 3501
0 3502
3 3502
2 3506
3 3509
7 3509
11 3509
3 3511
4 3511
8 3511
12 3511
2 3511
4 3511
7 3511
8 3511
0 3512
3 3512
7 3512
8 3512
1 3514
4 3514
6 3514
2 3514
1 3516
4 3516
6 3516
10 3516
3 3517
5 3517
7 3517
10 3517
2 3519
5 3519
6 3519
9 3519
2 3523
3 3523
5 3523
9 3523
3 3524
7 3524
10 3524
0 3531
3 3531
7 3531
11 3531
0 3532
3 3532
0 3534
0 3539
4 3539
5 3539
0 3542
3 3542
1 3543
5 3543
8 3543
11 3543
4 3546
8 3546
11 3546
12 3546
1 3548
5 3548
9 3548
3 3552
7 3552
11 3552
13 3552
2 3560
0 3561
4 3561
6 3561
0 3563
1 3564
3 3568
1 3577
5 3577
3 3581
1 3582
3 3582
4 3582
4 3584
8 3584
10 3584
11 3584
0 3587
4 3587
7 3587
8 3587
2 3588
2 3594
6 3594
8 3594
0 3603
4 3603
2 3603
5 3603
8 3603
10 3603
3 3606
5 3606
7 3606
8 3606
0 3606
1 3608
4 3608
4 3610
2 3611
3 3611
3 3614
6 3614
9 3614
2 3618
4 3618
8 3618
4 3625
8 3625
1 3628
3 3628
4 3632
2 3633
5 3633
8 3633
4 3636
7 3636
11 3636
1 3639
5 3639
7 3639
3 3642
7 3642
11 3642
4 3643
7 3643
2 3647
6 3647
1 3651
1 3655
1 3658
2 3658
3 3658
4 3663
6 3663
10 3663
11 3663
1 3667
2 3667
5 3667
1 3671
2 3671
2 3673
6 3673
9 3673
3 3680
4 3680
7 3680
3 3680
5 3680
7 3680
9 3680
3 3683
7 3683
8 3683
9 3683
1 3687
4 3687
5 3687
6 3687
1 3689
4 3689
7 3689
1 3692
4 3692
5 3692
0 3694
2 3694
4 3694
3 3696
4 3696
8 3696
10 3696
0 3697
4 3697
5 3697
4 3700
6 3700
9 3700
0 3700
4 3704
8 3704
12 3704
16 3704
4 3710
6 3710
9 3710
12 3710
1 3710
5 3710
1 3710
0 3713
2 3713
5 3713
3 3717
7 3717
11 3717
2 3720
5 3720
1 3720
0 3725
2 3727
5 3727
9 3727
10 3727
0 3728
3 3730
5 3730
6 3730
4 3732
2 3733
3 3733
4 3735
7 3735
8 3735
10 3735
0 3739
1 3739
2 3739
4 3739
6 3739
8 3739
9 3739
0 3739
2 3739
5 3739
2 3742
2 3742
5 3742
8 3742
2 3746
6 3746
4 3752
6 3752
2 3755
1 3756
3 3756
4 3759
6 3759
7 3759
4 3763
5 3763
7 3763
11 3763
4 3767
3 3768
4 3768
8 3768
3 3768
2 3770
6 3770
8 3770
4 3778
3 3782
6 3782
9 3782
10 3782
1 3785
2 3795
1 3801
4 3801
8 3801
3 3804
7 3804
9 3804
11 3804
4 3805
5 3805
2 3806
5 3806
7 3806
11 3806
0 3806
3 3806
3 3807
5 3807
7 3807
10 3807
4 3808
6 3808
9 3808
10 3808
3 3809
3 3819
2 3825
6 3825
10 3825
2 3826
2 3830
5 3830
6 3830
4 3835
7 3835
4 3840
7 3840
9 3840
10 3840
1 3842
3 3842
7 3842
8 3842
0 3844
4 3844
7 3844
0 3846
2 3846
3 3846
5 3846
3 3848
7 3848
1 3849
4 3850
7 3850
8 3850
0 3851
4 3851
6 3851
4 3855
6 3855
9 3855
13 3855
0 3859
1 3863
3 3863
0 3865
3 3865
4 3870
0 3874
2 3874
0 3875
1 3875
0 3879
3 3879
7 3879
8 3879
4 3881
8 3881
12 3881
13 3881
3 3885
7 3885
0 3887
4 3887
5 3887
1 3891
5 3891
4 3893
5 3893
1 3895
0 3896
1 3900
1 3904
3 3907
1 3908
2 3908
0 3908
0 3914
4 3918
7 3918
11 3918
12 3918
0 3918
0 3920
2 3920
6 3920
1 3923
4 3923
7 3923
10 3923
3 3924
3 3930
7 3930
11 3930
2 3932
2 3935
4 3935
6 3935
9 3935
0 3939
4 3939
4 3940
4 3947
4 3948
7 3948
8 3948
3 3950
5 3950
1 3957
4 3958
7 3958
9 3958
3 3962
6 3962
7 3962
1 3966
2 3970
3 3970
4 3970
5 3970
2 3973
6 3973
9 3973
4 3975
7 3975
9 3975
2 3975
6 3975
3 3977
4 3977
7 3977
0 3981
2 3981
6 3981
10 3981
2 3985
4 3985
7 3985
11 3985
0 3988
3 3988
7 3988
11 3988
4 3990
1 3994
5 3994
8 3994
2 3998
3 4000
7 4000
10 4000
13 4000
2 4002
5 4002
7 4002
9 4002
1 4004
0 4004
1 4006
2 4006
5 4006
7 4006
3 4012
6 4012
9 4012
13 4012
0 4015
2 4015
1 4015
1 4018
1 4018
3 4018
5 4018
6 4018
1 4022
5 4022
9 4022
1 4023
4 4024
5 4024
8 4024
4 4025
7 4025
1 4026
3 4026
7 4026
9 4026
0 4026
1 4026
4 4028
0 4030
4 4030
6 4030
9 4030
1 4030
3 4030
4 4030
6 4030
0 4036
1 4038
2 4042
3 4042
7 4042
10 4042
1 4044
2 4044
3 4044
4 4044
4 4045
8 4045
10 4045
4 4046
2 4050
3 4050
5 4050
7 4050
3 4055
6 4055
10 4055
0 4056
1 4059
5 4059
8 4059
2 4062
3 4062
5 4062
9 4062
4 4063
8 4063
9 4063
2 4068
3 4068
6 4068
4 4077
0 4079
2 4079
6 4079
7 4079
4 4082
3 4083
6 4083
10 4083
1 4085
3 4085
4 4085
6 4085
0 4085
3 4085
4 4085
1 4088
4 4092
5 4092
7 4092
0 4096
2 4096
3 4102
5 4102
6 4102
2 4106
5 4106
9 4106
12 4106
4 4107
8 4107
12 4107
13 4107
0 4107
2 4108
5 4108
8 4108
11 4108
3 4112
7 4112
9 4112
4 4112
7 4112
11 4112
14 4112
4 4113
5 4113
3 4116
7 4116
2 4116
5 4116
7 4116
2 4119
3 4119
6 4119
8 4119
3 4119
3 4123
6 4123
7 4123
9 4123
4 4125
0 4126
4 4126
2 4130
0 4131
2 4131
3 4131
1 4135
1 4142
5 4142
7 4142
9 4142
4 4147
3 4150
7 4150
11 4150
14 4150
2 4151
5 4151
7 4151
4 4157
6 4157
4 4157
8 4157
9 4157
2 4159
6 4159
7 4159
9 4159
4 4163
5 4163
9 4163
11 4163
1 4167
2 4167
6 4167
7 4167
1 4167
4 4167
8 4167
10 4167
0 4171
4 4171
0 4177
1 4177
2 4177
5 4177
2 4177
4 4178
7 4178
8 4178
12 4178
1 4182
4 4182
6 4182
1 4183
4 4183
7 4183
4 4186
3 4189
5 4189
9 4189
12 4189
0 4192
0 4195
3 4195
2 4196
3 4196
4 4196
7 4196
4 4199
3 4207
4 4207
5 4207
6 4207
3 4211
5 4211
7 4211
0 4214
1 4217
2 4217
6 4217
1 4218
4 4218
7 4218
0 4220
3 4225
6 4225
2 4228
3 4228
4 4228
4 4229
6 4229
7 4229
0 4231
4 4231
7 4231
10 4231
4 4232
3 4236
7 4236
9 4236
10 4236
0 4241
1 4241
3 4241
5 4241
2 4243
6 4243
2 4247
6 4247
1 4249
2 4249
5 4249
0 4252
4 4254
5 4254
8 4254
12 4254
0 4256
1 4256
3 4256
4 4256
0 4259
2 4259
3 4259
6 4259
0 4263
3 4270
3 4271
7 4271
9 4271
10 4271
0 4272
1 4272
3 4272
6 4272
0 4273
1 4273
5 4273
8 4273
4 4283
5 4283
9 4283
10 4283
1 4285
5 4285
9 4285
1 4288
2 4288
4 4288
6 4288
3 4290
4 4290
5 4290
6 4290
1 4293
5 4293
0 4294
4 4294
3 4297
6 4297
10 4297
12 4297
0 4298
4 4299
2 4301
3 4301
6 4301
8 4301
1 4302
4 4302
2 4303
6 4303
3 4308
4 4308
5 4308
9 4308
3 4310
5 4310
4 4313
1 4313
2 4313
5 4313
3 4315
5 4315
7 4315
8 4315
4 4316
8 4316
10 4316
12 4316
0 4320
4 4320
4 4322
5 4322
0 4323
2 4323
3 4323
3 4323
4 4323
7 4323
0 4327
1 4327
3 4327
4 4327
4 4330
8 4330
0 4331
4 4331
6 4331
10 4331
2 4332
0 4333
2 4333
6 4333
2 4337
5 4337
4 4342
6 4342
0 4342
4 4342
1 4347
3 4347
4 4347
4 4348
1 4348
2 4348
5 4348
9 4348
1 4349
4 4349
2 4351
6 4351
4 4353
5 4353
7 4353
1 4357
2 4359
4 4359
3 4359
4 4359
2 4360
5 4360
8 4360
0 4360
1 4360
5 4360
9 4360
0 4361
3 4361
7 4361
3 4363
7 4363
10 4363
4 4363
0 4365
4 4366
7 4366
11 4366
3 4370
6 4370
10 4370
0 4374
1 4374
5 4374
8 4374
1 4375
2 4375
4 4375
5 4375
4 4380
8 4380
9 4380
11 4380
0 4383
3 4383
5 4383
3 4383
4 4383
6 4383
2 4385
5 4385
1 4385
4 4385
8 4385
10 4385
3 4392
4 4392
5 4392
8 4392
0 4395
1 4395
2 4395
6 4395
3 4395
5 4395
2 4396
6 4396
10 4396
2 4397
3 4398
7 4398
8 4398
11 4398
2 4401
3 4401
5 4401
2 4405
4 4405
7 4405
10 4405
0 4406
4 4406
5 4406
0 4410
0 4410
1 4410
1 4414
2 4414
6 4414
1 4415
0 4419
3 4419
3 4419
4 4419
5 4419
6 4419
4 4421
8 4421
1 4424
5 4424
6 4424
7 4424
4 4425
8 4425
9 4425
10 4425
1 4427
0 4428
1 4428
4 4428
6 4428
4 4430
8 4430
0 4432
4 4432
8 4432
11 4432
0 4434
1 4434
3 4434
4 4434
0 4436
4 4436
5 4436
4 4439
6 4439
1 4440
5 4440
9 4440
0 4441
3 4441
5 4441
7 4441
2 4443
3 4443
7 4443
4 4453
6 4453
9 4453
2 4454
3 4454
5 4454
0 4458
1 4458
3 4458
4 4461
6 4461
2 4464
4 4464
3 4468
4 4468
3 4470
4 4474
7 4474
11 4474
1 4480
5 4480
7 4480
4 4481
3 4483
6 4483
4 4486
4 4487
5 4487
3 4488
4 4488
8 4488
1 4489
3 4489
4 4489
5 4489
2 4492
5 4492
8 4492
4 4500
7 4500
11 4500
12 4500
0 4504
3 4507
6 4507
10 4507
12 4507
4 4507
8 4507
9 4507
12 4507
4 4507
6 4507
10 4507
14 4507
3 4509
7 4509
9 4509
4 4512
8 4512
4 4512
2 4513
5 4513
6 4513
0 4521
2 4521
3 4523
4 4523
8 4523
10 4523
0 4527
4 4537
8 4537
12 4537
4 4538
5 4538
8 4538
0 4538
2 4538
3 4538
2 4542
3 4542
7 4542
2 4542
2 4545
3 4548
6 4548
8 4548
0 4548
2 4548
5 4548
7 4548
0 4551
3 4551
7 4551
1 4557
4 4557
8 4557
4 4562
8 4562
0 4566
4 4566
7 4566
11 4566
3 4568
7 4568
1 4569
3 4569
7 4569
11 4569
3 4569
3 4572
4 4572
5 4572
9 4572
3 4575
7 4575
9 4575
10 4575
0 4579
1 4583
5 4583
8 4583
11 4583
0 4583
2 4585
3 4585
4 4585
7 4585
4 4587
0 4588
3 4588
5 4588
0 4592
1 4592
3 4592
2 4594
5 4594
0 4596
2 4596
5 4596
6 4596
1 4596
3 4596
2 4599
3 4599
5 4599
7 4599
4 4602
7 4602
8 4602
4 4610
8 4610
4 4610
5 4610
4 4613
4 4614
5 4614
1 4618
5 4618
9 4618
12 4618
3 4619
7 4619
8 4619
10 4619
3 4623
7 4623
2 4626
6 4626
10 4626
4 4629
7 4629
8 4629
12 4629
0 4630
2 4630
4 4630
8 4630
4 4630
2 4632
4 4632
5 4632
7 4632
3 4635
1 4639
4 4639
8 4639
11 4639
4 4643
6 4643
9 4643
13 4643
1 4647
4 4647
4 4650
8 4650
11 4650
12 4650
1 4650
5 4650
8 4650
12 4650
2 4654
3 4654
4 4654
2 4656
4 4656
7 4656
9 4656
11 4656
3 4659
7 4659
9 4659
11 4659
2 4663
3 4663
5 4663
4 4665
2 4667
4 4667
5 4667
3 4670
4 4673
5 4673
8 4673
10 4673
3 4676
7 4676
9 4676
12 4676
3 4677
4 4677
4 4681
4 4682
0 4683
1 4684
2 4684
5 4684
3 4684
1 4687
2 4687
6 4687
1 4688
2 4688
6 4688
8 4688
1 4689
2 4689
2 4689
3 4689
6 4689
7 4689
3 4691
6 4691
10 4691
0 4693
2 4693
3 4693
5 4693
2 4696
6 4696
9 4696
4 4696
8 4696
11 4696
4 4702
8 4702
11 4702
3 4702
7 4702
4 4702
5 4702
7 4702
3 4706
7 4706
10 4706
12 4706
3 4706
5 4706
8 4706
3 4709
7 4709
4 4712
5 4712
8 4712
11 4712
4 4713
8 4713
0 4717
3 4717
6 4717
1 4721
2 4721
6 4721
8 4721
2 4723
4 4723
5 4723
9 4723
4 4726
8 4726
3 4729
4 4729
8 4729
9 4729
0 4732
2 4732
3 4732
7 4732
2 4735
6 4735
9 4735
3 4735
6 4735
10 4735
0 4736
1 4736
5 4736
0 4739
2 4739
6 4739
9 4739
3 4740
5 4740
8 4740
1 4742
5 4742
9 4742
4 4745
5 4745
7 4745
1 4749
0 4756
1 4757
5 4757
8 4757
11 4757
0 4758
4 4758
6 4758
10 4758
3 4758
5 4758
1 4761
4 4764
7 4764
8 4764
2 4766
3 4766
7 4766
10 4766
2 4767
0 4769
1 4769
3 4769
2 4771
6 4771
9 4771
13 4771
4 4772
6 4772
9 4772
2 4780
5 4780
1 4786
4 4786
6 4786
10 4786
4 4788
3 4789
7 4789
11 4789
3 4789
7 4789
10 4789
14 4789
4 4793
7 4793
10 4793
11 4793
1 4794
2 4794
1 4798
2 4798
0 4802
4 4804
0 4808
4 4808
7 4808
2 4809
4 4812
5 4812
2 4813
5 4813
7 4813
0 4815
1 4815
2 4815
6 4815
3 4815
1 4819
4 4819
8 4819
11 4819
14 4819
0 4823
4 4823
3 4826
2 4826
3 4826
0 4827
1 4827
5 4827
9 4827
4 4827
8 4827
9 4827
0 4828
4 4828
5 4828
6 4828
4 4832
7 4832
10 4832
11 4832
3 4836
7 4836
9 4836
10 4836
3 4836
6 4836
10 4836
12 4836
2 4838
4 4838
8 4838
1 4842
2 4842
3 4842
6 4842
10 4842
12 4842
0 4845
1 4845
3 4845
6 4845
1 4847
5 4847
0 4849
3 4849
6 4849
10 4849
2 4853
4 4856
6 4856
8 4856
12 4856
2 4856
4 4856
1 4860
3 4860
1 4864
2 4864
4 4864
2 4868
6 4868
8 4868
12 4868
2 4868
0 4873
3 4873
1 4876
5 4876
9 4876
0 4876
1 4876
2 4876
4 4876
0 4876
3 4876
7 4876
11 4876
3 4876
4 4876
