100
4 4
1 6
4 6
4 7
5 7
0 11
1 11
2 11
3 11
7 11
10 11
4 14
7 14
10 14
11 14
0 19
2 23
6 23
7 23
8 23
1 26
3 26
4 26
2 27
3 31
6 31
10 31
0 33
4 33
5 33
6 33
2 35
6 35
10 35
12 35
2 37
4 37
6 37
7 37
0 39
1 39
1 39
3 39
5 39
1 39
4 39
8 39
2 43
4 43
7 43
11 43
12 43
4 46
5 46
0 49
3 49
3 49
6 49
3 53
4 53
6 53
4 57
4 59
4 62
7 62
10 62
2 65
5 65
8 65
9 65
3 66
6 66
10 66
0 68
4 68
3 69
4 69
6 69
10 69
3 73
4 73
2 81
1 82
2 84
3 84
1 88
4 88
3 89
7 89
2 93
2 94
4 94
5 94
9 94
3 103
6 103
8 103
9 103
3 103
4 103
